451,453,454,455,455,454,454,456,459,460,460,461,458,456,455,456,458,457,457,456,454,453,453,452,453,456,456,457,458,459,459,459,460,461,461,461,462,462,462,463,464,465,465,465,464,464,463,463,465,465,465,464,463,463,465,467,467,467,467,467,466,466,465,465,464,465,466,467,468,469,470,470,471,471,469,470,470,470,471,469,467,467,468,469,470,470,469,471,470,470,471,472,473,474,476,477,477,474,471,471,473,475,477,476,475,474,474,475,475,475,477,478,479,479,478,476,474,473,473,474,477,479,480,479,479,481,482,484,485,485,485,485,485,487,489,489,489,487,486,486,488,491,491,490,490,491,491,490,489,488,488,489,489,490,492,493,493,493,495,499,502,501,498,497,497,496,496,496,497,500,501,502,502,502,503,502,502,504,505,507,507,507,507,510,511,510,509,509,508,509,510,511,511,513,514,516,515,515,515,516,516,516,516,516,516,516,517,518,519,520,519,520,520,520,520,520,522,524,524,524,525,525,526,525,526,527,529,530,530,530,531,532,533,532,531,530,530,531,532,533,533,534,536,537,538,537,536,536,536,537,538,539,539,539,539,540
453,454,455,456,456,456,457,458,458,458,459,459,456,454,454,456,456,454,454,454,453,452,452,452,453,454,455,456,458,459,459,460,460,461,461,462,462,461,462,463,464,466,467,466,465,463,463,463,463,464,464,464,463,463,464,467,468,467,466,466,465,465,466,465,465,466,467,467,468,468,470,471,472,471,469,468,468,469,470,471,469,468,468,469,470,470,470,470,471,472,472,473,473,474,475,476,475,472,470,470,472,475,475,475,473,471,471,471,472,472,474,475,476,476,475,474,474,472,472,473,476,478,479,479,480,481,482,483,485,486,486,486,486,487,489,489,488,487,485,486,487,490,491,492,491,491,490,489,488,487,486,488,490,491,493,494,494,494,496,499,500,500,497,497,498,499,497,496,498,499,500,502,502,502,501,501,502,504,507,508,508,508,509,510,510,509,508,509,510,511,511,511,511,512,514,514,514,513,513,513,513,514,514,515,515,516,516,516,517,517,518,519,520,520,520,521,522,523,524,525,525,526,527,526,527,528,529,530,530,531,532,532,532,532,531,530,531,532,533,533,534,534,536,537,538,536,535,535,535,536,537,538,538,538,538,539
453,454,455,455,456,457,458,458,457,457,458,458,456,454,454,455,454,453,452,452,451,453,453,453,453,454,454,455,457,457,458,459,460,460,460,461,461,461,462,462,464,465,466,466,465,463,464,463,462,463,464,464,464,464,465,466,467,467,467,466,465,465,466,466,466,466,467,468,468,468,470,471,471,470,469,467,467,468,470,470,470,469,469,469,470,471,472,472,472,473,473,472,473,473,474,474,473,470,468,469,471,474,474,473,471,470,471,471,471,470,470,473,474,474,474,474,474,473,473,473,473,475,478,479,481,481,482,483,484,485,486,486,486,487,488,487,486,486,486,486,486,488,490,491,491,490,490,489,488,487,487,488,491,493,495,497,496,496,497,499,500,500,499,498,500,500,499,498,498,498,499,500,500,499,500,502,503,504,505,507,509,510,511,511,510,509,508,510,511,512,513,515,514,513,513,513,513,512,512,512,512,513,514,515,516,517,516,516,516,517,519,520,520,520,521,522,522,522,524,525,526,527,527,528,529,529,529,528,529,529,530,532,531,531,530,531,533,534,534,534,534,535,536,537,537,536,534,534,535,535,536,537,538,538,538,538
454,454,455,454,454,456,458,458,458,458,458,458,457,456,456,455,454,452,451,452,453,455,455,454,453,453,454,455,456,458,459,460,460,459,460,461,461,461,461,462,463,463,464,464,463,464,465,464,463,463,464,465,465,465,465,466,467,467,466,466,466,466,466,467,467,467,468,469,469,469,470,470,469,469,468,467,468,469,469,469,469,470,469,469,470,471,471,471,471,472,471,472,473,473,473,473,472,469,467,468,471,473,473,472,471,471,472,472,470,470,470,472,473,473,473,474,473,472,473,473,474,474,476,478,479,481,482,482,483,485,485,484,485,487,487,486,486,485,485,485,486,487,488,489,489,490,490,488,488,487,486,487,490,493,496,497,497,498,499,499,499,499,500,499,499,498,497,498,499,499,500,500,500,501,503,504,505,505,505,505,506,508,509,510,510,509,509,510,511,511,512,514,515,514,513,512,512,513,512,513,513,514,515,516,516,517,518,518,519,520,520,520,521,521,521,522,522,523,523,525,526,526,527,528,529,529,528,528,527,528,530,530,530,530,530,532,533,533,534,535,535,535,536,537,537,535,534,534,535,536,536,537,537,538,538,538
453,453,453,454,454,455,456,457,457,457,456,456,454,454,456,455,453,451,451,453,455,456,456,454,453,453,454,455,456,458,460,460,460,459,460,461,462,461,461,462,462,463,463,463,463,464,466,466,465,464,464,465,465,465,466,467,467,466,466,466,466,466,466,467,467,467,468,469,468,468,468,468,468,469,470,469,469,470,470,469,469,470,470,469,470,472,471,470,470,471,471,472,472,473,473,473,472,469,468,469,471,472,472,471,470,470,471,471,471,470,470,471,472,473,472,472,471,471,472,473,473,473,474,477,478,480,482,482,483,484,484,483,485,487,488,487,486,485,484,484,484,485,487,489,490,490,488,487,487,486,484,485,488,491,494,497,498,497,498,499,499,498,499,499,499,498,498,498,499,500,501,502,502,504,504,505,506,506,506,505,505,507,508,509,509,509,509,510,511,510,510,511,512,512,511,510,511,512,513,514,514,515,516,516,516,517,519,519,521,521,521,521,521,521,521,521,523,523,524,525,525,526,527,528,529,528,527,527,527,528,529,530,531,531,531,532,533,533,534,535,535,535,535,536,536,535,534,534,535,536,537,537,537,537,537,537
453,453,453,454,454,454,454,454,455,454,454,453,452,453,455,455,453,452,453,454,456,457,457,455,453,452,453,455,457,458,460,461,461,460,460,461,462,462,461,462,463,463,463,463,463,464,465,466,464,463,464,465,465,465,466,468,468,467,466,466,466,465,465,466,467,467,468,468,467,467,467,467,468,469,469,469,469,469,469,470,469,470,470,471,471,472,471,470,470,471,472,471,471,472,473,473,472,470,469,469,471,471,471,470,469,469,469,470,470,470,470,471,472,473,472,472,472,472,472,473,473,474,475,478,479,480,482,483,483,483,483,483,484,487,488,486,485,485,484,483,482,483,485,488,489,488,487,486,485,485,484,484,487,489,492,495,498,498,498,499,499,498,498,500,500,500,499,499,500,500,501,502,503,505,504,505,506,507,506,505,505,507,508,508,508,508,508,509,510,510,509,509,509,509,508,509,510,511,513,513,514,515,516,516,516,517,519,520,521,522,522,522,521,520,520,521,522,523,524,525,526,527,528,529,529,527,527,527,527,528,529,531,531,531,531,532,532,532,532,534,534,533,533,535,535,535,533,533,534,535,536,536,536,536,536,535
453,453,454,455,455,454,453,453,453,453,452,452,451,452,455,455,453,453,454,455,456,457,458,456,453,452,454,457,459,460,461,461,461,460,460,461,462,462,462,462,463,463,463,463,463,464,464,464,463,463,464,465,465,465,467,468,468,467,466,466,466,465,465,466,467,468,468,468,467,466,467,467,468,468,468,468,468,468,469,469,469,470,470,471,472,472,472,471,472,472,471,471,470,471,472,472,472,471,469,469,469,469,469,469,468,468,467,469,470,469,470,471,472,473,472,473,473,473,473,473,473,475,477,479,480,481,481,483,482,482,482,481,483,486,486,484,484,484,484,482,480,480,483,487,488,486,484,483,484,485,485,486,488,488,490,494,497,498,499,500,500,499,499,500,502,501,500,500,500,500,501,501,502,503,502,503,505,506,505,505,506,507,508,507,507,507,507,508,510,510,510,509,509,507,507,509,510,512,513,514,514,515,516,516,516,517,519,520,521,522,522,522,521,520,520,521,522,523,524,525,526,527,528,529,528,527,526,527,527,528,529,530,531,531,531,531,531,531,532,533,533,532,531,533,533,533,533,533,533,534,534,534,534,534,533,533
454,454,455,456,456,455,454,454,453,453,452,452,452,453,455,456,455,455,456,456,456,457,458,456,453,452,455,458,461,461,462,461,460,460,460,461,462,462,462,462,463,463,463,462,463,464,463,463,462,462,464,465,465,465,466,467,467,467,466,466,466,466,466,466,467,468,467,467,466,466,466,467,467,467,467,467,467,468,469,469,469,469,470,470,471,472,472,473,473,472,470,469,469,471,471,471,471,469,467,468,468,468,469,469,470,469,468,469,469,469,471,472,473,474,474,475,474,473,473,473,473,475,477,479,479,480,480,481,481,480,478,478,480,483,483,482,483,483,483,482,480,479,481,484,485,484,482,482,483,484,486,488,489,488,490,494,497,498,499,500,500,499,499,500,502,501,499,499,500,500,500,500,500,500,499,499,503,504,504,505,507,508,507,506,506,506,506,508,509,510,510,510,509,508,507,509,512,513,514,515,515,516,516,516,516,517,518,519,520,521,521,521,520,520,520,521,522,523,524,525,526,527,527,527,527,527,526,527,527,528,529,530,530,530,529,529,530,531,533,533,532,531,530,531,531,531,532,532,533,533,532,533,534,532,531,532
455,455,455,455,455,455,454,454,453,453,453,453,453,454,455,456,457,458,458,457,456,456,456,455,453,453,456,459,460,462,462,461,461,461,461,461,462,462,462,462,463,463,462,462,462,463,463,463,462,462,463,464,465,465,466,466,466,465,465,466,466,466,466,467,468,468,466,466,465,465,465,467,467,467,467,468,469,469,469,469,469,469,469,468,469,470,472,473,473,471,469,468,469,470,471,470,469,467,466,466,467,467,468,471,472,472,471,470,470,471,472,474,475,476,476,476,475,473,471,471,472,473,474,476,476,476,478,479,479,477,475,475,478,480,481,482,482,482,482,482,481,480,480,482,483,482,481,480,482,485,488,488,489,489,491,494,497,498,498,499,499,498,498,500,501,500,499,500,500,499,499,499,499,498,497,497,499,501,502,504,506,507,506,505,505,506,506,506,506,508,509,509,509,508,509,510,512,513,515,515,515,516,516,517,517,517,517,518,519,520,521,521,520,520,521,522,522,523,523,525,525,525,526,526,527,527,527,527,528,529,530,530,529,529,528,529,531,533,534,533,532,531,531,530,529,529,530,532,532,532,532,534,534,533,532,534
453,454,453,453,454,455,456,455,453,453,454,455,455,456,456,457,458,459,459,457,454,453,453,453,453,454,455,457,459,461,462,462,462,463,463,463,462,461,461,462,463,464,463,462,462,463,463,463,462,462,463,465,466,466,465,465,465,465,465,466,466,466,465,467,468,468,467,466,466,465,465,466,466,466,467,468,470,470,469,469,469,469,469,467,467,467,469,471,471,471,469,467,468,470,470,470,468,467,466,467,466,466,469,472,474,474,474,474,474,474,475,476,477,478,479,477,475,473,471,472,472,472,473,474,474,475,476,478,477,475,474,475,478,480,480,481,481,480,481,483,483,481,479,480,480,480,481,482,485,489,491,489,489,490,492,495,497,498,497,498,498,498,499,501,500,499,498,500,502,501,500,500,500,499,497,496,497,500,501,503,505,505,505,504,504,506,506,505,505,507,508,509,509,510,511,511,512,513,514,515,515,515,517,517,517,517,516,517,517,519,521,521,521,522,522,522,522,522,523,525,525,525,525,526,527,527,527,529,529,530,531,531,530,530,529,530,531,533,534,532,529,526,527,528,528,528,529,531,532,532,533,535,536,535,535,536
452,453,452,451,453,457,458,456,454,454,455,455,454,455,456,458,459,461,460,458,456,453,453,454,456,456,455,455,456,460,461,462,464,464,464,463,461,461,461,462,463,464,464,463,462,462,462,462,462,463,465,465,465,464,465,465,465,465,465,466,465,464,465,466,467,468,468,467,466,465,465,465,466,466,467,468,468,468,468,468,468,467,467,467,468,468,469,469,469,469,468,468,469,470,470,469,467,469,470,469,469,469,473,476,476,475,475,476,475,475,475,476,476,477,479,478,476,474,473,472,473,473,473,473,473,473,475,477,477,475,474,476,478,479,479,479,479,479,482,484,485,484,482,482,482,484,484,486,489,491,492,491,490,491,492,494,496,495,495,496,498,499,500,500,499,497,498,499,501,501,501,501,500,500,499,498,500,501,501,503,504,504,504,504,505,506,506,506,505,507,509,509,510,511,512,512,512,512,513,515,515,515,515,517,517,517,515,515,516,517,519,521,522,523,523,522,521,521,523,524,524,525,524,525,525,526,526,528,529,529,530,531,531,531,531,531,532,532,532,531,527,524,524,526,528,528,529,529,530,531,533,537,538,537,536,537
454,453,452,450,453,456,456,455,453,454,454,454,455,456,457,458,460,460,460,458,457,456,455,456,456,456,455,454,455,459,461,463,464,464,464,462,461,460,460,461,461,462,463,463,462,461,461,462,463,463,464,465,464,464,465,466,466,465,466,466,465,464,465,467,468,468,469,468,466,466,466,466,467,468,468,467,468,468,468,467,466,466,466,466,468,470,470,469,468,467,467,469,470,471,470,469,468,470,472,472,472,474,477,477,476,475,476,476,476,477,477,477,476,476,477,477,476,476,476,475,475,475,473,472,472,473,474,476,477,476,474,475,478,479,480,480,479,481,484,486,486,486,487,488,488,488,488,488,489,491,490,490,490,491,492,494,495,494,494,496,497,498,498,498,497,496,496,498,499,499,500,501,500,499,498,499,501,502,502,503,504,504,504,505,506,507,507,506,506,507,509,511,510,512,514,514,513,512,513,514,514,514,515,516,517,516,515,514,515,517,519,520,521,523,523,521,520,521,523,524,524,524,524,524,524,525,525,526,527,528,529,530,531,532,532,532,532,532,532,531,528,526,525,526,528,529,528,528,528,530,533,537,538,539,539,539
455,453,451,451,453,455,455,453,452,454,454,455,457,458,458,458,459,459,458,457,457,456,456,456,456,455,454,454,455,458,462,463,464,464,463,462,461,460,459,459,459,460,461,462,461,460,460,462,463,463,464,464,464,464,465,465,465,465,465,465,464,465,466,467,467,468,469,468,467,467,467,467,468,469,469,468,469,469,469,467,465,465,465,465,467,469,468,467,466,467,468,469,470,470,469,469,470,472,473,473,474,475,478,477,476,475,475,477,477,478,479,479,478,476,476,477,478,478,478,477,478,477,476,473,473,473,474,475,476,476,474,475,477,479,481,481,481,483,486,488,485,487,490,492,492,491,490,489,490,490,489,490,490,491,493,494,495,494,494,495,496,496,496,497,496,496,496,497,498,498,500,500,500,499,498,499,501,502,504,505,505,504,504,506,507,508,508,506,506,508,511,512,511,512,514,515,514,513,513,515,514,514,514,515,516,515,514,515,516,518,519,519,520,520,521,520,520,521,522,523,523,523,524,524,523,523,524,525,526,527,529,530,531,532,532,532,532,531,531,530,528,527,527,527,527,528,528,528,528,530,533,537,539,539,539,540
456,454,453,453,454,454,453,452,453,454,455,456,458,459,459,458,458,457,456,455,455,455,456,457,456,456,454,453,454,457,462,463,464,464,463,463,462,460,458,457,457,458,460,463,462,461,461,463,463,463,463,464,464,464,464,464,465,465,464,464,464,465,467,467,467,468,468,467,466,467,467,468,469,469,469,469,469,470,469,466,464,464,464,465,467,468,468,467,467,468,468,470,470,469,468,468,470,472,473,473,475,476,477,476,475,474,475,477,477,478,479,479,478,477,477,478,479,479,479,479,480,481,480,477,475,475,475,475,475,475,475,476,478,480,482,481,482,483,487,488,485,487,491,493,492,492,490,490,490,490,490,490,491,492,493,494,494,493,493,494,495,495,495,496,496,496,497,497,497,497,498,499,499,499,498,499,501,504,506,507,506,505,504,506,507,508,508,506,507,509,512,512,511,512,514,515,514,513,514,515,515,513,512,514,515,515,514,515,517,518,519,519,520,520,521,521,521,522,522,523,523,524,524,525,524,524,524,525,526,528,530,531,532,533,533,532,532,531,531,530,529,528,527,526,526,527,529,529,529,530,533,537,539,539,539,540
458,457,455,455,455,455,454,454,453,455,456,457,458,459,459,458,457,456,455,454,454,455,457,457,458,457,455,454,454,457,461,463,464,464,464,464,463,461,458,457,456,456,460,464,463,463,463,464,463,462,462,463,464,464,463,464,464,465,464,464,465,466,467,468,467,467,466,465,465,467,468,469,469,468,467,468,469,469,467,464,463,464,465,466,467,468,469,469,469,469,468,469,469,467,466,467,470,471,472,473,476,477,477,476,475,475,475,476,476,477,478,478,477,477,477,478,478,478,478,479,482,483,483,480,477,477,476,475,475,475,476,477,480,482,482,482,481,482,485,486,485,486,490,492,492,491,491,490,490,490,491,491,492,493,493,494,494,493,493,494,495,495,495,496,496,496,497,497,496,496,496,497,498,498,498,499,502,505,508,508,507,506,505,505,506,507,507,506,507,509,511,511,510,511,513,515,514,513,514,515,515,513,512,513,514,515,514,515,517,518,518,519,520,521,522,521,522,522,523,523,524,524,524,525,525,525,525,526,527,529,530,531,533,533,533,532,532,531,531,530,529,528,526,526,526,528,530,531,530,531,534,537,538,538,538,540
460,459,457,456,456,456,456,455,454,455,457,457,458,459,459,458,457,456,455,454,455,457,459,458,459,458,456,455,455,456,459,462,463,463,464,465,465,463,460,458,456,456,460,464,465,464,464,464,463,461,461,462,464,464,463,463,464,465,464,465,466,467,468,469,468,466,465,464,465,467,469,469,469,467,465,466,467,467,466,464,463,464,465,467,468,469,469,470,470,470,468,468,468,465,465,467,469,471,472,474,477,477,479,478,476,475,476,476,475,475,476,476,476,477,477,477,477,476,477,479,482,484,483,480,479,479,478,477,477,477,478,479,482,484,484,482,481,481,483,484,483,484,487,489,491,491,491,490,490,490,491,491,493,493,493,493,493,493,494,495,496,496,496,496,496,497,497,496,495,495,495,497,498,499,499,500,503,506,508,509,509,508,507,506,505,505,506,506,507,509,510,509,509,510,513,514,515,514,514,516,515,513,512,513,514,515,515,515,516,517,517,519,521,523,522,522,522,523,523,524,525,525,524,525,526,527,527,527,528,529,529,531,532,533,532,532,532,532,532,531,530,528,526,526,527,529,531,531,531,532,535,537,538,538,538,539
460,458,457,456,457,457,456,455,454,456,458,458,459,459,459,458,457,456,454,456,457,460,460,459,459,459,458,456,455,456,458,460,461,461,462,466,466,465,461,459,457,459,462,464,465,464,463,463,461,460,460,462,464,464,461,462,463,464,464,465,467,468,469,468,467,466,465,465,467,469,470,469,469,466,464,465,466,466,465,464,464,464,466,467,468,469,469,470,471,470,468,468,467,466,467,468,470,470,473,476,478,479,480,480,477,475,475,475,474,474,475,475,475,476,477,478,477,476,476,478,480,481,481,480,480,481,480,480,480,481,481,481,484,485,485,483,482,481,481,481,480,482,485,489,491,490,489,489,489,489,489,491,492,492,492,492,493,494,495,496,497,498,497,496,495,495,496,496,495,495,496,498,500,500,500,500,502,505,507,508,508,508,508,508,506,505,506,506,507,509,509,509,509,511,512,515,515,514,515,515,515,513,513,513,514,514,514,515,516,516,516,518,521,522,522,521,521,522,523,525,525,525,525,526,527,528,529,528,528,527,528,530,532,532,532,530,530,531,532,532,530,528,527,527,529,530,531,531,531,534,536,537,539,539,538,539
458,455,453,454,456,456,456,454,454,456,458,458,458,458,458,458,457,455,454,456,457,461,460,459,459,459,459,457,457,457,458,458,459,460,462,465,466,465,462,460,460,462,465,466,464,463,463,462,460,459,460,462,463,461,460,461,464,464,465,466,469,470,469,467,465,466,466,467,468,469,467,468,467,465,464,465,465,464,464,463,463,464,466,468,468,468,468,470,472,472,471,469,468,467,468,470,472,473,474,475,477,478,479,478,476,473,473,474,474,475,476,476,476,477,477,478,478,477,477,478,478,478,479,480,481,481,481,482,482,483,483,483,484,484,483,483,482,481,479,479,480,482,486,489,491,488,486,486,487,489,489,490,491,491,492,493,493,494,495,496,498,498,496,494,494,494,495,496,497,497,497,499,500,500,501,501,502,505,506,508,509,509,510,510,509,507,506,506,507,508,508,509,510,511,511,514,515,513,513,514,513,513,513,514,514,514,514,515,516,516,517,518,520,521,520,521,521,521,522,524,525,526,526,528,528,529,529,528,528,528,528,530,532,532,530,528,529,531,533,533,531,527,526,526,528,529,528,528,531,534,537,539,541,541,539,539
457,454,453,454,456,456,456,454,455,457,459,458,457,458,459,459,458,456,456,456,457,458,458,458,459,461,460,459,459,459,458,458,458,460,462,464,466,465,465,463,464,464,464,464,463,462,462,462,461,460,462,463,463,461,460,462,464,465,465,467,469,470,469,467,466,467,468,466,466,466,466,466,467,467,465,465,464,464,464,463,463,464,466,468,468,467,466,468,471,472,471,469,469,468,470,471,473,473,473,473,474,475,476,476,474,473,473,473,475,477,478,479,478,478,478,477,477,478,478,478,478,478,479,481,481,482,482,482,483,483,483,483,484,485,485,485,483,480,478,478,479,482,484,486,486,486,485,483,485,488,489,491,491,491,492,493,495,494,494,495,496,497,495,494,494,495,497,498,499,498,498,499,500,501,502,503,504,505,506,508,509,510,510,511,511,510,508,507,509,510,510,510,510,510,511,512,513,513,513,514,514,514,514,514,514,514,514,515,516,516,518,518,519,520,521,521,520,521,522,523,525,526,527,528,528,528,528,527,528,527,527,529,531,531,530,528,529,531,533,531,527,524,524,526,528,528,528,529,532,535,538,539,540,539,539,539
456,455,455,456,457,456,455,455,457,458,458,458,458,459,459,460,460,458,456,456,456,458,459,458,460,462,461,460,460,460,458,457,458,460,462,463,465,466,466,464,463,462,462,463,463,463,462,462,462,462,463,465,464,462,460,462,463,465,466,467,468,468,468,467,467,468,468,467,466,467,467,467,467,466,466,466,466,467,467,465,464,465,466,467,467,467,466,467,469,470,470,469,470,469,469,471,472,472,471,472,473,473,474,474,474,474,473,474,477,479,480,480,479,478,477,478,478,478,479,479,479,479,479,480,480,482,482,482,482,483,484,485,485,486,487,487,486,484,482,481,482,482,483,484,484,485,484,484,486,487,488,489,490,491,492,493,495,494,494,493,494,494,494,495,495,494,496,499,500,498,498,500,501,502,504,504,504,504,505,507,508,508,508,510,511,511,510,510,511,512,512,510,510,510,511,513,514,515,515,516,516,515,515,515,515,514,514,514,515,516,518,518,520,521,522,522,521,520,521,522,524,526,527,528,527,526,525,525,526,526,526,527,530,532,531,530,531,532,532,529,526,524,524,526,528,529,530,533,535,536,538,538,538,538,537,538
455,455,455,456,456,455,455,456,457,458,458,458,459,460,460,460,460,460,458,456,456,459,459,460,461,462,462,460,460,459,457,457,458,460,463,463,464,465,464,462,461,460,460,462,463,464,462,461,462,462,463,464,465,463,462,463,464,465,466,467,468,467,466,466,467,468,468,467,467,467,467,466,466,466,466,466,467,468,468,467,466,465,464,465,466,466,466,466,468,469,469,468,469,470,470,470,471,471,470,471,473,473,473,474,474,473,472,474,477,480,480,478,477,477,477,479,479,479,480,480,480,480,480,479,480,481,482,482,482,483,484,485,485,485,487,487,487,486,486,486,485,483,483,484,485,486,486,485,487,487,486,487,488,489,489,491,493,493,492,492,492,493,494,494,494,493,496,498,500,499,499,500,502,503,504,504,504,502,502,504,505,506,506,508,510,512,511,511,512,512,511,511,511,511,512,514,515,516,517,516,515,515,515,514,514,514,514,514,515,516,516,518,519,521,523,522,520,519,519,521,524,526,527,527,526,525,524,524,526,527,527,528,530,532,532,530,530,531,530,528,526,524,525,527,528,529,532,533,535,536,537,538,538,538,538,537
453,454,454,455,455,454,454,455,457,458,458,459,459,459,459,459,460,460,459,458,457,459,460,461,461,461,461,460,459,458,456,456,457,459,461,463,462,463,461,459,459,459,460,461,463,463,463,462,462,462,462,464,464,464,464,465,465,465,466,467,467,467,466,466,467,468,468,467,468,468,467,465,465,466,466,467,467,467,467,466,465,464,463,464,466,467,467,467,468,468,468,467,468,470,470,470,471,470,470,471,473,474,474,475,474,472,472,473,476,479,479,477,476,477,478,480,480,480,479,480,480,480,480,480,480,481,482,483,483,483,484,484,484,485,486,487,487,487,488,489,487,484,484,484,486,486,487,487,488,488,486,486,487,488,488,489,491,492,491,490,490,493,494,493,493,493,495,498,500,500,500,502,502,503,503,504,504,502,502,502,504,505,506,508,511,512,512,511,511,512,513,513,513,513,514,516,517,517,517,515,513,514,514,514,514,514,514,514,514,515,516,517,518,519,521,520,518,518,519,521,523,526,526,526,526,525,524,524,526,527,527,528,530,531,530,528,527,527,527,526,526,526,527,529,530,531,532,532,532,533,536,538,539,538,537,537
453,453,454,454,454,454,453,454,456,458,459,459,459,459,459,459,461,461,460,459,459,460,461,461,461,461,461,460,460,458,457,457,458,459,460,461,459,459,458,458,458,459,459,459,461,462,463,463,463,463,463,464,465,465,465,466,466,465,466,466,466,467,466,466,466,468,468,467,468,470,469,466,466,466,467,467,466,465,464,465,465,464,464,465,467,469,468,468,468,468,467,467,467,469,471,471,471,470,469,471,473,474,475,476,475,474,472,472,475,477,478,477,478,478,479,480,481,480,479,480,480,480,480,480,481,482,482,483,484,484,484,484,484,485,485,486,487,487,489,489,487,485,485,486,487,487,488,489,490,489,487,488,489,489,488,489,491,491,490,489,490,493,494,493,493,493,495,497,499,500,501,502,503,503,502,503,504,504,504,504,504,505,507,509,511,512,511,510,510,512,514,514,514,514,516,517,518,517,516,513,512,513,514,514,514,514,514,514,514,514,516,517,517,518,519,518,518,519,520,521,523,525,526,526,526,525,524,525,526,527,527,528,529,530,527,525,523,523,524,526,528,528,529,530,531,532,532,531,530,530,533,537,539,538,537,537
452,453,454,455,455,454,453,454,456,457,458,458,458,458,459,460,462,462,461,461,460,461,462,462,462,461,460,460,460,460,460,460,461,461,459,457,456,456,457,457,458,458,458,458,459,460,462,464,464,465,465,466,466,466,466,465,465,466,466,466,466,467,467,466,466,466,467,466,468,470,470,468,466,466,466,466,464,463,463,464,466,465,465,466,469,470,470,469,468,468,467,467,467,469,471,471,471,470,469,471,472,473,475,476,476,475,473,473,474,476,477,478,479,479,479,480,480,480,479,479,480,480,480,480,481,482,482,483,484,485,485,485,485,485,485,485,486,487,488,488,487,487,488,489,489,490,490,491,492,491,491,492,491,490,490,491,491,491,490,489,491,494,494,493,492,494,496,497,497,499,501,502,503,503,502,502,504,506,507,507,506,507,509,510,511,511,509,508,509,512,514,514,513,513,515,518,518,517,514,513,512,512,513,514,514,514,514,514,515,515,516,517,517,517,518,518,518,520,522,523,524,525,526,526,526,526,525,525,526,527,527,527,528,527,524,522,521,522,524,526,529,530,531,532,532,533,533,533,530,529,532,537,538,538,537,537
453,453,455,454,455,455,455,455,456,457,458,457,457,457,458,460,462,463,462,462,461,461,462,463,463,462,460,459,459,460,461,462,462,461,458,455,454,455,456,457,458,459,458,457,457,457,460,463,465,466,467,468,468,467,465,464,464,464,466,466,466,468,469,467,466,466,465,465,466,467,469,468,466,465,465,464,463,461,462,464,465,466,466,467,470,471,471,469,468,468,468,467,469,470,472,473,473,473,472,471,472,472,473,474,475,476,475,475,475,476,478,479,479,479,478,479,480,480,479,479,480,481,481,481,481,482,482,482,483,484,486,486,485,484,484,484,485,486,487,488,488,489,491,491,491,491,492,493,494,495,495,494,492,492,493,492,492,491,490,490,493,494,494,493,493,494,496,497,497,499,501,502,502,502,501,501,503,505,508,509,509,509,510,511,510,509,508,509,510,513,514,513,512,512,513,516,516,515,514,514,513,513,513,514,514,514,515,515,516,516,516,517,518,519,519,519,519,521,523,524,525,526,526,526,526,526,527,525,526,527,527,527,527,525,522,521,521,522,525,527,529,531,531,532,531,531,534,534,531,529,533,537,538,537,536,537
453,454,456,456,456,457,457,456,458,459,459,458,457,458,458,459,461,461,462,461,460,461,461,462,463,461,459,457,457,459,460,459,459,457,455,453,454,455,457,457,458,457,456,454,454,456,460,463,465,467,469,469,468,466,465,463,463,464,465,465,467,468,470,468,465,464,464,464,465,466,468,467,465,465,464,464,463,461,460,463,465,465,466,468,470,471,470,468,469,469,469,469,470,471,473,474,476,475,473,471,471,472,472,473,475,475,476,475,475,475,476,475,475,475,477,479,480,480,479,479,480,482,482,481,480,481,481,481,483,484,486,485,484,483,483,484,485,486,487,489,490,490,491,491,492,491,492,494,496,498,497,495,493,493,493,493,492,490,489,490,493,495,496,495,495,495,497,497,497,499,501,500,500,500,501,501,503,505,506,508,509,510,511,510,510,509,511,512,514,516,515,514,512,512,513,513,513,513,514,515,514,513,514,514,514,514,515,516,516,516,517,518,519,520,521,520,519,521,522,523,523,523,523,524,525,526,527,526,525,525,526,525,524,522,521,521,522,524,526,528,530,532,532,529,528,529,533,534,532,532,534,537,537,537,537,537
452,454,457,459,459,458,457,456,457,459,460,459,460,459,457,458,459,461,460,460,459,460,462,463,462,459,456,455,456,457,456,456,455,456,454,452,455,457,458,458,457,455,454,454,454,457,460,463,466,468,469,469,468,467,465,463,463,464,465,464,465,467,467,465,463,463,464,465,466,467,468,467,467,465,464,464,464,463,462,463,465,466,467,469,470,469,468,467,468,469,469,470,472,472,472,473,473,473,471,470,470,472,473,474,474,475,475,474,473,472,471,471,472,473,475,477,479,480,479,478,479,482,481,480,479,479,479,480,483,484,484,483,483,483,484,485,486,486,488,489,489,489,491,491,492,492,493,495,497,498,497,495,495,494,495,494,492,491,490,491,493,495,497,498,497,496,496,497,499,501,502,500,499,500,502,503,504,503,503,504,507,508,507,508,509,510,511,512,515,517,517,515,514,514,513,513,512,514,514,514,513,514,515,514,514,514,515,515,515,515,517,519,519,521,523,522,520,519,521,521,521,521,520,521,522,524,525,524,523,523,522,522,521,520,521,522,524,526,528,528,530,532,531,529,527,529,532,533,532,533,535,536,537,538,537,537
454,455,457,458,457,456,455,454,456,458,459,458,458,459,458,458,460,460,460,460,460,461,463,463,461,458,456,455,455,455,455,455,455,455,455,454,455,457,459,458,457,457,456,456,456,458,459,462,464,466,467,467,467,467,465,464,464,466,466,465,464,465,465,465,465,465,465,465,466,466,468,468,466,465,464,463,463,463,463,465,467,468,469,469,469,469,468,468,469,469,470,471,473,472,472,472,473,473,472,471,471,473,474,474,474,475,475,474,473,472,470,470,471,473,474,476,478,480,479,478,479,481,481,480,479,479,479,480,482,483,483,482,483,483,485,485,486,488,488,488,488,489,490,491,494,495,495,496,497,498,497,496,496,496,496,496,495,493,492,492,493,495,498,499,499,498,498,499,500,502,501,500,500,502,505,504,503,502,502,504,506,508,507,507,507,508,509,511,514,516,516,515,515,516,514,513,514,515,514,513,513,514,515,514,513,514,514,515,515,515,517,518,519,522,522,521,519,519,520,522,522,519,517,518,519,521,522,522,522,522,523,521,520,521,522,525,526,527,527,528,530,531,530,529,528,530,531,531,532,532,534,535,536,537,537,536
455,455,456,456,455,455,454,454,456,457,457,457,457,458,457,458,460,460,459,460,461,462,462,461,461,459,458,457,456,455,455,456,456,456,456,456,456,457,458,459,459,459,458,457,458,459,460,462,464,465,466,467,468,468,467,465,466,466,467,466,465,465,466,466,466,465,465,465,465,466,467,467,465,464,463,463,462,462,464,466,468,469,469,469,470,470,470,470,470,470,470,472,472,470,470,471,473,473,474,473,473,474,475,475,475,475,475,474,473,471,470,470,472,473,475,476,479,480,480,479,479,479,480,479,479,479,479,479,481,482,482,481,483,484,485,486,487,489,490,489,489,490,490,492,494,496,496,496,497,498,497,497,496,495,496,496,496,495,494,494,494,497,499,500,500,499,499,499,500,501,501,501,502,503,503,503,503,503,502,505,508,510,508,507,507,508,509,510,512,515,515,514,515,515,514,513,514,515,515,514,514,515,515,514,513,514,514,515,515,515,517,518,520,521,522,521,519,519,521,522,521,518,516,516,517,519,519,520,522,524,524,523,522,522,524,526,527,527,528,528,529,531,530,529,529,529,530,529,529,530,532,533,535,536,536,536
455,455,455,454,454,454,455,456,457,457,457,457,457,457,458,459,460,460,459,460,461,462,462,461,460,460,460,459,458,456,456,457,457,457,458,458,457,457,459,461,461,460,458,458,459,461,462,463,464,465,465,466,468,468,467,466,466,467,467,467,466,466,467,467,466,466,466,466,466,466,467,467,465,464,463,462,462,462,464,466,468,469,469,470,471,471,470,470,470,470,470,470,469,468,468,469,469,471,473,473,473,473,475,475,474,474,474,473,472,470,469,470,473,475,475,477,479,481,481,479,479,480,479,479,479,478,478,478,479,480,482,482,483,485,486,487,488,490,491,490,490,490,490,491,493,495,496,496,496,498,498,497,496,495,496,496,496,496,495,496,496,498,500,500,500,499,499,499,500,501,501,502,503,503,502,502,503,504,503,506,509,511,509,507,508,509,510,510,512,514,515,514,514,514,513,512,513,514,516,515,515,515,515,514,514,515,515,515,515,515,517,519,520,521,520,519,518,519,520,521,519,516,515,515,516,518,519,521,522,524,525,525,525,525,526,527,527,529,530,530,531,532,532,531,530,530,530,529,528,529,531,533,535,535,536,536
455,455,454,454,454,455,457,458,457,457,457,457,457,457,458,460,461,460,459,460,461,462,462,461,461,462,462,461,459,458,457,458,458,459,459,459,458,458,458,461,462,461,459,458,460,461,463,464,465,465,465,466,468,467,466,465,466,466,466,465,465,465,466,466,466,466,467,467,467,467,467,467,465,464,463,461,462,463,464,466,468,469,470,471,472,471,469,468,469,469,468,468,467,467,466,466,465,467,470,471,472,472,474,474,473,472,472,472,471,469,469,471,473,475,475,476,478,480,481,480,480,481,481,480,479,478,477,477,478,480,482,483,485,486,487,489,489,490,490,489,490,490,490,491,493,494,495,496,496,497,498,497,496,495,495,496,496,495,495,496,496,498,499,499,499,499,499,499,500,501,501,502,502,502,502,503,504,504,504,505,508,510,509,508,509,510,511,511,512,513,515,514,514,513,512,512,512,513,515,515,515,515,514,514,515,516,516,515,515,516,517,518,519,519,519,517,517,519,520,519,518,515,514,515,516,518,521,523,523,524,526,527,528,529,528,527,528,530,532,532,532,533,534,533,532,531,531,529,528,530,532,534,535,535,536,536
456,455,454,454,454,456,457,458,457,456,457,458,458,458,459,460,460,460,459,460,461,462,463,462,462,463,463,462,461,460,459,458,458,459,460,461,459,458,457,459,462,461,459,458,459,461,463,463,463,464,465,466,467,466,465,464,465,465,465,464,463,464,465,465,465,466,467,467,468,467,467,467,466,464,462,461,463,465,465,466,467,468,470,471,472,470,469,467,468,469,467,467,467,466,466,465,464,465,467,469,470,471,473,472,471,471,470,470,470,470,470,472,473,474,474,475,477,478,479,481,482,484,483,481,480,478,477,478,479,481,483,484,486,488,489,490,490,490,489,488,488,489,489,490,493,494,495,495,496,496,497,497,497,496,496,495,495,495,495,495,495,497,497,498,498,498,498,499,499,500,501,501,501,501,502,503,503,504,503,503,505,507,508,508,510,511,512,512,513,514,515,515,515,514,512,512,512,512,513,514,515,515,513,514,515,516,517,516,515,517,518,518,519,519,517,516,517,518,518,518,517,515,514,515,516,520,523,525,524,525,527,529,531,531,528,527,528,530,532,533,533,534,534,533,532,532,533,532,531,533,535,536,536,536,536,537
457,455,455,454,454,456,457,458,456,456,457,459,459,458,459,460,461,460,459,460,461,462,463,463,463,463,462,462,463,462,461,459,458,459,460,461,459,458,457,458,460,460,457,457,457,459,460,461,461,463,464,465,465,464,464,464,464,465,465,463,462,462,464,464,465,466,465,466,466,466,466,466,466,464,463,462,464,466,467,466,466,467,470,471,471,470,469,468,468,468,467,467,467,466,465,466,466,465,465,467,468,470,471,471,471,471,470,471,472,471,471,471,473,474,474,474,475,477,478,480,482,484,483,482,479,477,478,479,482,482,483,483,487,488,489,490,489,488,488,488,487,487,488,490,492,494,495,497,497,497,496,496,497,497,496,495,497,497,495,494,494,495,496,497,498,498,498,498,498,499,500,501,500,501,502,503,503,503,502,502,504,507,508,509,511,512,511,512,514,515,515,515,514,514,513,513,513,512,513,514,516,514,513,514,515,517,517,516,516,517,518,519,519,518,516,515,517,517,517,516,516,515,515,515,518,521,523,525,525,527,529,530,532,531,529,527,527,528,530,532,532,533,533,532,533,534,536,536,535,536,536,537,537,537,537,538
457,457,455,454,454,456,457,457,456,456,457,458,458,459,459,461,462,461,461,461,462,463,462,462,461,461,462,462,463,463,462,460,459,460,460,460,458,457,457,457,457,456,456,456,457,458,458,458,461,463,464,462,461,461,461,462,464,466,466,465,464,463,463,465,466,466,464,464,463,463,462,463,464,464,464,463,463,466,468,466,464,465,469,469,468,470,470,469,468,467,467,467,466,464,466,467,467,467,466,467,468,468,469,470,472,473,473,472,472,471,470,471,472,474,474,474,475,476,476,476,478,480,481,481,479,477,478,481,483,483,482,484,487,488,488,487,487,487,486,487,486,486,488,490,492,493,495,497,499,497,496,496,497,497,497,497,498,498,497,496,496,496,497,498,498,498,497,497,497,498,500,501,500,500,502,502,504,505,506,506,508,508,509,510,511,510,510,510,512,513,513,513,513,513,513,513,513,513,514,515,515,514,514,516,517,517,517,517,517,518,518,518,517,516,514,513,514,515,515,515,515,516,516,518,519,521,522,524,526,528,529,530,531,532,530,528,527,528,530,531,531,531,531,530,532,535,536,537,535,535,536,537,537,536,536,537
457,457,456,455,455,455,456,456,455,456,455,456,456,458,460,462,462,462,461,462,464,464,462,461,461,461,461,462,462,462,461,460,460,460,459,458,458,458,458,457,457,456,456,457,458,457,456,457,460,462,463,462,459,458,460,462,462,463,464,465,464,463,462,464,466,467,465,464,462,460,460,462,463,463,464,464,463,464,466,465,462,464,467,468,468,468,469,467,467,468,468,467,466,465,467,468,469,469,468,468,468,469,469,471,473,473,473,471,470,470,470,470,472,473,474,474,474,472,470,471,474,476,478,479,478,478,479,482,483,482,481,484,486,487,486,486,487,488,487,485,486,488,488,489,491,491,492,495,497,496,496,496,497,496,495,495,497,497,497,498,498,499,499,499,498,498,498,498,498,499,501,501,501,500,501,501,503,506,508,509,508,507,507,508,510,510,510,510,510,511,512,513,513,512,511,512,514,515,515,515,515,514,514,515,516,516,515,516,518,518,517,515,514,513,511,511,510,511,513,514,516,518,519,521,521,520,522,525,528,529,529,531,532,534,531,529,527,528,530,531,532,531,530,530,530,531,532,532,532,534,536,537,536,534,534,535
456,457,457,456,455,455,456,456,456,455,455,455,455,457,460,462,462,461,461,462,463,464,462,461,460,461,461,462,462,461,460,459,459,459,458,457,458,459,459,458,458,458,458,458,459,458,456,457,459,461,462,462,460,460,461,463,463,462,463,466,466,464,462,463,464,464,464,464,463,461,461,462,462,463,463,463,463,464,465,464,461,464,467,469,468,468,468,468,469,469,467,466,464,465,467,468,470,470,469,469,468,468,469,471,473,473,471,468,467,468,469,470,472,474,475,475,473,471,470,472,474,475,475,476,476,477,479,481,483,482,482,483,485,485,486,487,488,488,486,484,485,487,488,489,490,490,492,495,496,496,496,496,496,494,493,492,494,496,497,497,497,497,498,499,499,499,499,499,499,500,501,502,501,500,500,501,503,506,508,508,506,506,506,507,509,511,512,511,511,511,513,516,515,514,513,513,514,515,514,514,514,515,515,515,515,514,513,514,515,515,514,512,511,511,511,510,508,509,512,514,517,518,519,521,520,520,522,526,528,528,529,531,532,534,532,530,528,528,530,533,533,530,531,530,529,529,530,532,533,534,537,536,535,535,535,536
455,456,455,455,456,456,456,456,455,455,455,455,454,456,459,460,461,460,460,461,462,462,461,462,462,462,462,462,462,460,459,458,458,459,458,458,458,459,459,459,459,460,460,459,459,458,457,457,458,459,461,462,463,463,462,462,462,463,465,466,466,464,463,462,462,461,461,462,463,462,461,461,461,462,462,463,463,464,465,464,463,464,466,467,468,468,470,471,470,468,466,465,464,464,467,468,470,469,469,468,466,466,469,472,473,473,469,467,466,468,469,470,472,473,474,473,472,471,472,475,475,474,474,474,474,475,478,481,482,483,483,483,484,486,487,486,486,485,484,483,485,486,488,489,490,492,493,495,496,497,497,496,495,493,492,493,494,495,496,496,496,496,498,499,499,499,499,499,498,499,500,502,501,501,501,502,504,506,507,506,506,506,507,508,510,512,512,512,512,512,513,516,516,515,513,513,514,514,513,513,515,516,516,515,514,513,512,513,513,513,512,511,511,511,510,510,509,510,513,514,515,516,518,520,521,522,524,526,527,527,528,530,532,534,533,531,529,529,530,532,532,531,531,531,530,530,532,533,534,535,536,535,535,535,536,535
455,454,454,455,457,457,456,456,456,455,455,455,455,457,458,459,459,460,460,460,460,460,461,462,464,464,462,461,461,461,459,459,459,459,459,459,459,460,460,460,460,460,460,459,459,458,457,458,458,458,460,463,465,464,463,461,461,461,463,465,464,463,463,462,461,459,458,460,461,461,460,460,460,461,461,462,462,464,464,464,463,464,466,466,467,469,471,471,470,467,466,464,464,465,467,468,468,468,468,466,465,466,469,471,472,471,469,467,467,468,470,470,472,472,472,472,471,470,472,475,475,474,473,473,473,474,477,480,482,484,484,484,485,487,487,485,484,484,484,484,486,487,488,489,490,491,493,494,494,495,496,495,494,493,494,495,495,495,495,496,496,497,497,499,499,500,500,499,498,497,499,501,502,502,502,502,503,504,505,505,505,504,505,508,511,512,512,511,512,512,513,515,515,514,513,513,513,512,512,513,514,515,515,514,514,513,512,511,511,511,512,512,512,512,512,511,511,512,514,514,515,516,517,520,523,525,526,527,527,527,528,530,532,533,532,531,530,529,530,531,531,531,530,531,531,531,533,534,534,535,535,535,535,535,536,534
455,454,453,455,458,458,457,457,456,456,455,455,455,457,458,458,459,460,460,460,459,459,460,462,465,464,461,461,461,461,460,460,461,461,460,460,460,461,461,461,461,460,460,459,459,458,457,458,457,458,460,463,464,463,462,460,459,459,460,462,463,463,463,462,461,459,458,459,460,460,460,461,461,461,462,462,462,464,464,464,464,466,466,466,467,469,471,470,468,466,465,464,465,468,469,468,467,467,467,465,464,466,468,469,470,469,469,469,469,469,470,470,471,471,471,471,470,469,470,472,473,472,472,473,473,474,477,480,482,484,485,484,485,487,486,484,484,485,485,486,487,489,489,489,488,489,490,490,490,492,492,492,492,492,494,495,495,495,495,496,498,497,497,499,500,500,500,499,497,497,498,501,502,502,501,500,501,501,501,502,502,502,503,506,510,511,510,510,511,512,512,513,513,512,511,511,512,512,511,512,513,513,513,513,514,514,512,510,510,510,512,512,514,515,514,514,515,516,516,515,516,517,518,520,524,527,528,528,528,528,528,529,530,530,529,530,530,529,530,530,531,531,530,531,531,531,532,534,534,534,535,536,535,534,534,532
454,454,454,456,458,459,458,457,456,457,455,455,455,458,459,459,459,459,460,459,458,458,459,461,463,462,460,460,460,461,461,461,461,461,460,461,461,462,461,462,462,461,461,460,460,459,458,458,457,458,460,461,462,461,460,459,459,459,459,461,462,463,463,463,462,461,460,460,461,461,462,463,463,463,464,464,464,465,465,465,466,467,467,467,468,469,470,468,466,465,464,464,467,472,473,470,468,468,467,466,465,467,467,468,468,468,468,469,469,469,469,469,470,470,469,469,469,468,469,470,470,470,471,472,473,475,477,480,482,483,484,484,484,485,484,483,484,486,487,487,488,488,488,487,485,485,485,485,485,487,487,488,489,491,493,494,494,494,496,498,499,498,498,498,499,499,499,499,497,497,498,500,501,502,501,500,499,499,499,501,501,500,501,505,508,510,509,509,511,511,510,510,510,509,509,509,510,510,510,511,512,512,511,511,513,512,510,509,509,510,512,513,515,516,516,517,518,518,518,517,518,519,520,522,525,528,530,529,529,529,529,529,528,528,527,528,529,530,530,530,530,531,532,531,531,530,531,532,533,535,536,537,535,533,532,532
454,454,455,456,457,458,458,457,457,457,457,456,456,458,460,460,460,460,459,459,458,458,458,460,461,461,460,459,460,460,461,461,461,459,460,462,463,463,462,462,463,463,463,462,461,460,459,459,459,458,460,460,459,459,459,460,461,461,460,460,462,463,464,464,464,465,464,464,463,464,465,466,465,465,466,466,466,466,466,466,467,467,468,469,469,469,468,467,464,463,463,464,470,475,475,472,470,470,469,467,466,467,468,468,468,467,467,468,469,469,469,470,469,468,468,467,469,469,469,469,469,469,470,471,472,474,477,480,481,482,483,483,484,483,482,483,485,487,489,488,487,486,485,483,483,482,483,483,483,483,483,485,487,489,491,493,494,495,497,499,500,499,498,497,497,498,498,497,497,497,498,499,500,501,501,501,500,499,499,499,500,500,502,505,508,509,509,509,510,509,509,509,509,508,508,508,509,509,509,510,511,512,511,510,511,510,509,509,510,510,512,514,515,517,517,518,518,519,518,519,520,520,522,523,525,529,531,530,530,530,530,529,528,527,526,527,530,531,531,530,529,531,533,533,531,529,529,531,533,536,536,535,533,532,532,533
454,454,456,456,456,457,457,457,457,456,457,456,456,458,460,461,460,459,458,459,459,459,459,460,459,459,459,459,459,460,460,460,458,458,461,464,465,465,465,463,463,464,464,463,462,460,460,460,460,460,460,460,460,459,460,461,463,463,462,460,463,464,464,464,465,465,466,465,466,468,469,469,467,466,468,469,469,468,467,466,466,466,467,469,469,469,468,466,464,463,463,467,472,475,473,471,470,470,469,466,465,466,468,469,468,468,469,471,471,472,471,470,470,468,468,468,469,471,471,471,471,471,471,471,472,473,476,479,481,482,482,483,482,481,482,484,486,487,488,488,487,484,482,482,482,481,483,482,481,480,480,484,486,487,490,492,494,496,498,500,500,498,496,495,496,497,497,497,497,498,499,500,501,502,502,502,501,500,499,499,501,502,504,506,507,509,509,509,509,507,507,508,508,508,507,508,508,508,507,507,509,510,510,509,508,508,508,509,509,510,512,514,515,516,517,517,517,518,518,519,520,521,522,522,525,529,531,530,529,530,529,527,526,526,527,529,530,532,531,530,528,530,532,533,531,530,531,533,535,536,535,532,531,532,534,535
454,454,456,456,456,456,457,458,457,458,459,459,458,458,459,460,458,456,455,457,459,460,460,459,458,458,459,460,460,460,461,460,458,458,461,464,465,465,464,463,462,463,465,464,463,461,460,461,461,459,459,460,461,462,461,461,463,464,463,461,464,466,465,464,464,465,464,464,465,468,470,469,468,469,470,472,472,470,468,465,463,464,466,468,470,469,469,469,467,465,466,469,472,471,469,468,468,469,469,467,466,467,469,470,468,470,472,473,474,474,473,471,470,469,469,469,469,470,472,473,473,472,472,472,472,474,476,478,480,481,481,480,480,479,481,484,485,486,486,486,486,483,481,481,481,482,483,483,481,480,480,483,487,488,489,492,495,497,499,499,498,496,494,495,496,498,498,497,497,498,499,499,501,501,501,501,501,501,500,501,503,505,506,506,506,506,508,509,508,506,505,505,505,505,506,506,507,508,507,507,506,507,508,508,508,507,508,509,510,511,513,513,514,515,516,518,519,520,520,519,519,520,522,523,524,527,529,529,530,530,530,528,526,524,527,529,530,531,530,529,527,528,531,531,530,531,533,534,534,533,532,532,531,532,534,536
455,455,456,456,457,457,458,459,459,460,461,461,459,457,458,459,459,456,454,455,458,460,460,459,459,460,461,461,460,461,462,462,460,459,461,462,462,462,464,464,464,464,466,467,465,462,461,461,461,459,458,459,461,462,463,464,465,465,463,463,466,467,466,465,466,465,465,465,466,468,469,468,469,470,472,473,473,472,468,465,464,466,468,470,471,471,470,470,470,469,470,472,471,469,469,469,469,469,469,468,468,469,472,471,469,470,472,473,474,474,474,473,472,472,472,472,472,474,475,474,473,472,472,472,474,475,476,478,479,479,479,479,478,479,481,483,484,483,483,484,485,482,481,480,480,481,482,482,481,480,479,482,485,487,489,490,495,499,498,498,497,494,494,496,498,499,499,497,496,496,497,499,501,500,498,498,499,500,501,502,503,505,506,506,505,504,505,508,507,504,503,502,502,503,504,506,507,507,507,506,505,504,505,507,508,508,508,510,512,513,514,513,513,514,516,518,519,520,520,518,518,520,522,523,524,526,528,528,529,529,529,528,526,525,526,528,529,530,530,529,528,528,529,529,529,531,533,533,531,530,530,531,531,531,533,535
456,455,456,457,458,458,458,459,460,460,460,460,459,456,457,459,460,457,455,455,458,460,461,461,460,460,461,461,460,461,462,462,462,461,462,462,462,463,464,465,464,464,467,468,466,463,462,462,461,460,459,459,460,461,463,464,465,465,464,465,467,467,467,466,466,466,466,466,468,469,469,468,469,470,472,472,472,471,469,467,466,468,469,472,473,473,471,471,471,474,474,474,471,470,470,470,470,469,470,470,469,470,472,472,470,470,473,474,473,474,474,474,473,473,473,474,475,476,476,475,474,473,473,474,475,476,475,477,478,478,478,478,478,479,480,481,482,481,481,482,483,481,480,479,479,479,481,481,480,479,479,480,482,485,486,489,493,496,497,497,496,494,494,496,498,498,498,497,496,495,496,498,499,499,497,497,499,500,502,503,504,505,506,505,503,502,503,505,505,503,501,501,502,503,504,506,507,507,506,505,505,504,504,506,509,510,509,510,512,513,514,514,514,515,516,517,518,518,518,518,518,520,522,523,524,525,526,527,528,528,528,528,528,527,527,528,528,529,529,529,528,529,529,530,531,532,534,532,530,528,529,531,531,532,533,534
455,455,457,457,458,458,459,460,460,459,459,459,457,456,457,460,461,459,457,456,458,460,462,462,461,461,462,462,461,461,462,462,462,462,464,463,463,463,465,465,463,462,465,467,465,463,463,463,463,462,461,461,461,461,462,463,464,464,464,465,467,467,467,468,468,467,467,467,468,470,469,468,468,469,471,471,471,471,470,469,469,469,469,471,473,473,471,470,471,475,476,474,471,469,470,472,471,469,469,469,470,471,472,472,471,471,474,474,474,474,475,474,474,474,474,475,476,476,476,476,475,474,474,475,475,475,475,475,476,476,475,476,479,479,480,481,482,481,481,482,481,480,479,478,478,479,481,481,480,479,480,480,481,483,485,487,491,494,496,495,494,493,493,495,497,496,496,496,496,495,495,496,496,495,495,498,499,501,503,503,503,504,505,504,502,501,501,502,503,501,500,501,502,503,504,506,508,507,506,506,505,504,504,506,510,511,511,510,511,512,514,515,515,515,516,516,516,516,517,518,520,521,523,523,524,525,525,526,527,527,527,528,528,528,527,527,527,528,528,528,528,528,529,531,532,533,533,531,529,527,527,529,530,531,533,534
455,455,457,458,458,458,459,459,460,458,458,458,457,456,458,460,461,461,459,458,459,460,463,463,463,462,462,462,462,461,462,462,462,463,464,464,464,464,465,464,461,460,462,464,464,464,464,464,464,463,464,465,464,464,462,462,463,465,465,465,466,467,467,468,469,468,468,467,468,470,470,468,468,468,469,470,470,470,470,470,470,469,469,469,471,471,470,470,472,475,475,472,469,469,472,473,471,468,467,468,469,471,472,472,472,472,474,475,475,476,476,475,474,474,474,474,475,475,476,477,477,475,475,475,475,474,474,474,474,473,474,476,479,479,480,481,483,483,482,482,481,481,481,480,479,480,481,481,481,481,481,482,482,482,484,487,490,493,494,494,493,492,492,493,494,493,494,495,495,495,494,494,493,492,493,497,500,501,502,503,503,503,504,503,501,500,500,501,501,500,500,501,503,504,505,507,509,509,508,508,507,506,507,509,511,511,511,510,510,510,512,514,514,514,515,516,515,516,517,518,520,522,523,524,524,524,525,526,527,527,527,527,528,528,527,527,527,527,527,527,528,528,528,531,532,533,531,530,529,527,526,527,528,530,533,534
455,456,458,459,459,459,458,459,459,458,458,458,458,457,458,459,461,462,462,461,461,462,464,464,463,462,462,463,463,462,461,462,463,464,465,465,465,465,465,464,461,460,461,463,464,465,466,465,465,465,467,468,468,467,464,463,464,466,467,467,467,466,467,468,469,470,469,469,469,470,470,469,467,467,468,469,469,468,469,470,469,468,468,468,469,470,470,470,472,473,472,470,469,471,475,476,472,468,467,468,469,471,472,472,472,472,473,475,476,477,476,475,474,475,474,474,474,475,477,478,477,475,475,475,475,475,474,474,472,472,474,477,478,480,481,482,482,483,483,481,481,481,482,482,482,482,482,482,481,482,482,483,483,482,483,485,489,492,493,493,492,491,491,490,490,490,491,493,493,493,492,492,490,490,491,496,500,500,500,500,501,501,501,501,500,500,499,500,501,502,503,504,505,507,507,509,510,510,510,510,510,509,511,513,512,512,511,510,509,509,510,512,513,513,515,515,516,517,517,519,521,522,523,523,523,524,524,525,526,527,526,527,527,527,527,526,527,526,526,527,527,528,529,531,532,531,529,529,529,527,525,526,528,530,533,534
456,457,458,459,460,458,458,459,459,459,459,459,459,458,458,459,460,462,463,462,462,464,465,465,463,461,462,463,464,462,460,462,463,465,465,465,465,465,464,462,461,460,462,463,465,467,467,466,466,467,469,469,470,469,466,465,466,469,470,469,469,467,467,467,469,471,472,471,470,470,471,470,468,467,468,468,467,466,467,469,468,468,468,468,469,470,470,470,472,471,470,469,471,474,478,478,476,472,470,471,472,472,473,471,470,471,473,474,475,476,476,474,475,475,475,475,476,477,477,477,475,474,473,473,475,475,474,473,472,472,474,477,478,480,483,482,481,481,481,480,480,481,483,483,484,484,482,482,482,482,482,482,482,481,482,484,486,490,491,491,491,490,489,488,487,488,489,490,491,491,491,492,491,490,491,494,498,499,498,497,498,498,498,499,499,498,498,501,503,506,509,510,510,510,509,508,509,509,511,511,510,510,512,514,513,512,512,510,509,508,509,511,512,514,515,517,517,517,518,520,521,522,522,522,522,523,524,524,525,526,525,526,528,527,527,527,526,526,525,527,529,529,530,531,531,530,528,528,527,526,525,526,529,531,533,534
457,457,458,458,458,457,458,460,460,460,461,460,459,459,459,459,460,462,463,462,460,460,463,464,462,461,462,463,463,461,459,460,462,463,464,464,465,464,463,462,462,462,463,463,464,466,467,467,467,469,469,469,469,468,468,467,468,470,471,470,469,468,468,469,470,473,474,473,471,470,471,470,469,468,468,467,466,465,466,468,468,468,468,470,470,470,470,470,470,469,468,470,472,476,479,480,480,477,475,475,474,474,472,471,470,471,473,474,473,474,474,475,475,475,475,475,476,478,478,477,475,472,472,473,476,476,475,474,474,474,476,476,479,481,483,481,480,479,479,479,479,480,482,483,483,483,482,482,483,482,481,481,480,479,480,482,485,488,488,487,488,488,488,487,487,488,490,491,489,490,491,493,494,492,491,493,495,496,495,494,495,494,494,495,495,495,498,503,506,510,513,514,513,511,510,509,508,508,509,509,508,509,511,514,514,513,511,511,510,509,511,512,511,513,515,516,516,516,516,518,520,521,520,520,521,522,523,524,524,525,525,526,527,528,528,527,526,525,525,527,529,530,530,531,530,528,526,525,525,525,527,529,531,531,531,532
456,457,457,458,457,457,459,461,461,462,461,459,458,459,459,460,461,461,461,459,456,459,461,462,462,462,463,463,462,460,460,461,462,462,463,464,465,464,463,463,464,464,463,463,465,467,468,467,467,467,468,468,468,468,468,468,469,470,470,468,467,467,468,470,471,472,472,471,470,470,470,471,470,469,470,469,468,467,467,468,468,468,469,471,471,471,471,472,471,470,472,475,479,481,482,483,482,481,479,479,479,475,473,473,473,474,474,473,473,474,475,475,475,473,473,473,475,477,480,479,477,475,474,475,477,478,477,475,476,477,477,477,478,480,481,480,479,479,477,477,478,479,480,480,481,483,484,483,483,483,482,482,482,480,480,481,483,484,484,484,485,486,487,488,489,491,492,491,490,491,492,495,496,496,495,495,494,494,494,494,493,494,495,494,494,495,501,506,508,510,512,513,512,512,513,512,511,509,508,508,509,511,514,515,515,513,511,510,510,510,511,512,512,512,513,513,513,513,515,516,518,518,517,518,519,520,520,521,523,525,525,525,526,527,527,527,526,525,525,527,529,529,529,528,528,526,525,524,524,525,528,529,529,528,530,532
456,457,457,457,458,458,459,460,461,460,460,459,458,459,460,461,462,462,461,459,458,459,461,462,463,464,464,463,462,462,462,463,463,463,462,463,465,466,465,464,465,465,464,464,466,468,468,467,466,467,467,467,467,467,468,469,469,469,469,468,466,467,468,469,470,471,471,470,469,469,470,470,471,471,471,470,469,469,469,469,468,469,470,471,472,472,474,473,472,472,476,480,482,482,481,481,481,480,479,480,478,476,474,473,473,473,474,473,473,474,474,473,472,472,473,474,475,478,480,481,479,478,478,476,478,481,480,478,478,478,477,476,477,479,479,478,478,477,476,477,478,478,478,478,480,484,486,485,485,485,485,485,484,482,481,481,482,483,483,483,485,487,488,490,492,494,494,493,493,493,492,494,495,497,498,497,496,496,496,495,496,498,502,502,501,502,505,508,509,509,509,510,510,510,511,512,512,511,509,508,509,512,514,514,513,512,511,509,509,509,510,512,512,512,512,512,511,512,513,515,516,516,516,517,519,519,519,520,522,524,525,525,525,525,526,526,527,527,527,528,529,528,526,526,527,527,527,526,526,527,528,530,529,527,529,532
457,457,457,457,457,458,458,459,459,459,458,458,458,459,461,462,462,461,461,459,459,460,461,462,463,463,463,462,462,462,463,465,465,464,464,465,467,467,466,466,466,465,464,464,466,468,468,467,467,467,468,468,467,467,468,469,469,470,470,469,468,467,467,468,469,470,470,470,469,469,470,470,471,471,471,470,469,469,469,468,468,469,471,472,473,473,473,473,472,474,478,481,481,479,477,476,476,476,476,477,476,475,474,473,472,473,473,473,472,472,473,472,472,473,474,475,476,478,481,482,481,480,480,480,482,484,483,480,478,478,477,476,477,478,478,477,476,475,476,477,477,478,478,479,480,484,486,486,486,486,486,486,485,484,484,483,483,484,483,483,485,487,489,492,493,495,495,495,496,494,492,493,495,497,500,500,499,499,498,498,499,503,506,506,506,506,508,508,508,507,508,508,508,508,509,511,512,512,510,508,508,510,511,511,511,509,508,508,508,509,510,512,512,512,512,511,510,511,512,514,514,514,514,516,518,518,518,519,521,523,524,524,524,524,524,525,527,527,528,528,528,527,525,524,525,526,526,527,527,528,530,532,530,529,529,531
457,458,457,457,457,457,457,457,457,457,457,457,458,459,461,461,461,460,460,459,458,458,460,461,462,462,461,461,461,462,464,466,467,466,466,466,467,467,467,466,465,464,464,465,467,468,468,468,468,468,468,468,467,467,468,469,469,470,471,470,468,467,467,467,468,469,470,471,469,469,470,470,470,470,470,470,469,468,468,467,467,469,471,472,472,472,472,472,473,476,479,480,478,475,473,473,473,474,474,475,476,476,475,474,473,473,474,473,473,473,474,474,474,475,476,476,476,478,481,482,482,481,483,485,486,486,484,480,479,478,477,477,478,478,479,477,476,475,476,478,477,478,480,483,484,485,486,487,487,487,487,487,487,486,486,485,485,484,483,483,485,487,490,492,494,495,496,496,496,494,492,492,494,498,501,502,501,500,499,499,501,503,505,506,506,507,507,506,506,507,507,507,507,507,508,510,511,511,510,510,509,509,508,508,507,506,506,508,509,511,512,512,513,513,512,511,510,511,512,513,513,513,514,516,518,517,518,518,519,520,522,522,521,521,523,526,527,528,527,527,528,528,526,524,524,525,526,526,528,529,531,532,531,530,530,531
457,458,457,457,457,456,456,457,457,457,457,458,459,460,460,461,461,459,459,458,456,457,459,460,461,460,459,460,461,462,464,467,468,467,467,467,467,467,467,466,464,463,463,466,468,468,468,468,468,468,468,467,467,467,468,469,468,469,470,469,467,467,467,467,468,469,471,471,470,469,470,470,469,469,470,470,469,468,468,467,467,469,471,471,472,472,472,472,473,476,478,477,475,472,471,472,472,473,473,475,476,476,476,475,474,474,474,475,475,474,475,476,476,476,477,476,477,478,481,482,481,481,484,487,487,486,483,480,479,478,478,477,478,479,480,478,477,476,477,478,477,478,481,485,487,486,487,487,488,489,489,489,489,488,487,487,487,486,485,484,485,486,489,492,495,497,497,496,495,494,493,493,495,499,502,503,501,500,500,501,502,503,504,505,506,506,506,505,505,507,507,507,507,508,508,509,510,511,511,511,510,509,508,506,504,504,505,508,510,512,513,513,514,514,512,511,511,512,512,512,512,514,516,517,518,518,517,518,517,518,520,520,520,520,523,526,528,527,526,526,527,528,527,525,524,525,525,526,528,530,531,531,531,531,531,531
458,458,457,457,457,457,456,457,458,458,458,459,460,460,460,460,459,458,457,457,455,456,458,459,459,458,459,460,461,462,463,466,467,467,467,467,467,467,467,465,464,462,462,466,468,469,469,469,469,468,468,467,467,467,468,467,467,469,469,468,466,466,467,466,467,469,471,472,471,470,469,469,468,468,470,470,470,470,469,469,469,470,471,471,472,473,473,473,473,475,475,474,472,470,470,471,472,473,474,475,476,476,476,476,476,475,475,476,476,475,475,476,477,478,478,477,478,478,480,481,481,481,483,484,484,483,481,480,479,479,479,479,479,480,480,479,478,478,478,477,477,477,480,484,486,487,488,488,489,490,490,491,491,489,488,488,488,487,486,485,485,486,489,492,496,498,497,495,494,493,495,495,497,499,502,502,501,500,500,502,504,504,505,506,506,505,506,505,506,507,507,508,509,510,510,510,510,511,512,511,510,509,508,506,504,504,506,508,510,512,513,513,514,514,513,512,513,513,514,514,515,517,518,519,519,519,518,517,516,517,518,519,519,521,523,526,528,527,525,524,526,528,527,526,526,526,527,527,529,530,531,531,531,532,531,531
458,459,458,457,457,457,456,457,458,459,459,461,460,459,459,459,457,456,456,456,456,457,458,459,457,457,459,460,460,462,462,464,465,466,467,467,467,467,467,465,464,463,463,465,468,469,469,470,468,468,467,466,466,467,466,465,467,469,470,468,467,466,466,465,466,468,470,472,472,470,469,468,468,469,470,470,470,471,472,472,472,472,472,472,473,473,474,473,472,473,474,472,470,468,468,470,473,474,475,475,475,474,475,476,476,476,476,477,477,476,476,477,479,479,479,478,478,478,479,480,480,481,481,481,480,480,480,480,479,479,480,481,481,481,480,478,477,478,478,478,477,478,479,482,486,488,489,489,489,490,492,493,492,491,489,489,489,488,487,486,486,488,490,493,496,497,495,494,494,494,497,498,498,499,501,502,501,499,500,503,505,505,506,506,505,505,505,506,506,507,508,509,510,511,511,511,510,511,511,511,509,508,507,506,505,505,507,508,509,511,512,513,513,514,514,514,514,515,515,517,519,520,520,520,519,520,520,518,516,515,517,518,520,521,522,525,527,527,525,524,525,527,527,527,527,528,528,528,529,530,531,532,532,532,532,532
457,459,458,458,459,458,457,456,457,457,459,460,459,458,458,457,455,454,455,457,458,459,459,459,457,458,460,459,460,461,462,462,464,465,466,467,466,465,465,464,464,464,464,465,466,467,469,468,468,467,467,466,466,467,466,464,466,468,470,468,466,465,467,467,467,468,470,472,472,472,470,470,470,470,471,470,470,472,473,475,474,472,472,474,475,473,473,472,471,472,473,471,469,466,466,468,474,476,476,475,474,474,475,477,479,478,478,478,477,476,475,478,479,479,479,478,477,477,479,480,481,481,481,481,481,482,481,480,479,480,482,485,484,482,479,477,478,479,479,478,479,479,480,482,486,490,491,491,491,491,492,494,493,491,490,490,489,489,489,489,489,490,493,495,495,495,495,495,496,497,499,499,498,497,499,500,500,498,500,504,505,505,505,505,505,504,505,505,507,508,509,511,511,510,510,510,510,510,510,510,508,507,506,506,506,507,509,508,508,509,510,512,513,514,515,514,514,515,516,518,521,521,520,518,518,519,520,520,517,516,517,518,519,519,520,523,525,526,525,524,524,526,527,527,528,529,529,529,530,532,533,534,533,533,533,533
456,458,459,459,459,458,457,456,456,457,458,459,459,459,459,458,457,457,458,458,458,459,459,459,460,460,460,459,459,460,461,462,463,464,466,467,466,464,463,463,462,464,464,466,466,467,467,467,466,468,469,469,469,467,465,465,466,466,466,465,462,464,467,468,469,470,471,471,472,472,472,472,472,472,472,472,472,472,472,473,473,473,475,476,476,475,475,475,473,471,472,470,468,467,468,469,473,476,476,476,475,475,476,478,480,479,479,478,477,476,477,477,478,479,478,477,477,478,479,480,481,481,482,483,483,483,483,481,482,483,485,487,486,483,480,479,481,482,480,480,481,482,483,484,487,490,492,492,492,492,493,494,493,493,491,489,489,490,491,491,491,491,494,494,494,495,495,496,496,497,498,500,498,497,497,499,499,500,501,504,506,505,504,504,505,507,506,506,507,508,510,511,511,509,509,509,508,507,507,507,506,505,506,506,507,508,510,510,509,508,510,512,513,514,515,514,513,513,514,516,518,519,518,517,518,520,522,522,519,519,520,519,519,518,518,520,521,522,523,523,523,524,525,525,527,529,530,530,531,533,534,534,533,533,533,533
456,457,458,458,458,458,457,456,457,458,459,460,461,461,460,459,459,460,460,459,459,458,459,459,461,461,460,459,460,462,464,464,464,465,466,466,465,464,463,462,462,463,464,466,466,466,465,465,466,467,469,470,470,469,467,466,466,466,465,463,463,465,467,469,470,470,470,470,470,471,472,471,471,472,472,473,473,473,472,472,473,475,476,475,474,474,475,475,473,472,472,470,468,470,474,475,476,476,475,475,475,476,476,478,479,479,479,479,478,478,478,477,478,478,478,478,478,478,479,480,481,482,482,483,483,483,483,483,484,485,486,486,486,484,482,482,484,484,483,483,484,485,486,486,487,488,490,491,491,491,493,493,493,492,491,489,490,491,492,492,493,493,494,494,493,494,496,496,496,496,498,499,498,497,497,498,498,499,501,504,505,505,503,503,505,506,507,507,507,506,507,510,511,511,510,508,506,504,504,504,505,505,507,508,509,510,510,509,509,509,511,512,513,515,516,515,515,514,513,514,516,518,518,517,519,521,523,522,521,521,520,519,518,518,517,517,519,521,522,522,522,523,523,525,526,528,529,530,531,532,533,533,533,533,533,534
457,458,458,457,458,459,458,457,457,459,460,461,461,460,460,459,460,461,461,461,460,459,459,460,461,462,461,461,463,465,466,466,464,464,464,464,464,464,463,463,463,463,464,465,465,465,465,465,466,467,468,469,470,469,467,467,466,466,465,465,466,467,468,470,471,471,470,469,470,470,470,470,470,471,472,472,473,473,472,472,473,474,474,473,473,473,473,473,472,471,472,471,471,472,476,478,478,476,474,474,475,476,477,477,478,479,480,479,479,479,478,477,477,478,478,478,479,479,479,480,482,483,483,483,483,484,484,484,484,484,485,485,484,484,483,484,486,486,485,484,485,486,486,487,487,488,489,490,490,491,492,492,492,491,490,489,489,490,492,493,494,495,495,494,494,495,496,497,497,496,497,499,499,498,497,496,496,498,501,503,503,502,502,503,504,506,508,508,506,504,505,509,511,511,510,506,504,503,503,504,505,505,507,509,510,511,510,509,509,510,511,513,514,516,517,517,518,517,516,515,517,518,518,517,519,521,522,523,522,522,520,520,520,519,519,519,519,521,522,522,522,522,523,525,526,528,529,530,531,532,534,534,533,533,533,534
458,458,458,458,459,459,458,458,459,460,461,460,460,461,460,460,460,461,462,462,461,461,460,461,462,462,461,461,463,465,466,466,464,464,462,462,463,464,463,462,463,463,464,464,464,464,465,465,466,467,468,468,469,468,467,466,466,467,466,467,467,468,469,471,472,471,470,469,469,469,470,470,470,470,471,471,472,472,472,471,471,472,472,472,470,470,469,469,469,470,472,474,474,475,477,478,478,476,474,474,475,476,477,477,478,479,480,479,479,478,477,476,476,477,478,478,478,478,479,480,482,484,484,484,484,484,484,483,483,483,484,484,483,483,483,484,486,486,485,485,486,487,487,488,488,488,489,490,490,490,491,492,492,491,490,488,488,490,491,493,495,496,496,495,495,496,497,497,497,496,497,499,500,499,497,495,495,498,502,502,502,501,501,502,504,507,508,507,506,505,505,508,510,510,508,506,504,504,504,506,506,506,506,508,510,510,510,509,509,510,512,514,516,517,519,520,519,518,517,517,518,518,518,518,520,520,521,522,523,523,522,521,521,522,522,522,522,522,522,522,522,523,525,526,527,528,529,530,532,533,533,534,533,533,533,534
458,458,458,459,459,459,458,459,460,461,460,460,460,461,461,460,460,461,462,463,463,462,461,461,462,462,461,460,461,463,465,466,465,464,462,462,462,462,461,461,462,464,464,463,463,464,464,465,466,466,467,468,468,467,466,466,466,467,467,467,467,468,470,471,471,470,470,469,469,469,470,470,470,470,470,470,470,471,471,470,469,470,471,471,469,467,467,468,468,470,472,475,477,476,477,477,477,476,474,474,475,476,477,477,478,480,480,480,479,478,477,476,476,477,478,478,478,478,479,480,482,484,484,484,484,484,483,482,482,482,482,483,483,483,483,483,484,484,484,485,486,487,488,488,488,489,489,489,490,490,491,492,492,492,490,489,488,489,490,491,493,496,497,496,495,496,497,497,497,496,498,500,500,499,496,495,496,499,502,503,502,501,501,502,504,507,508,508,507,505,505,507,508,508,507,506,505,506,507,508,508,507,506,507,509,508,508,508,509,510,511,514,517,519,520,521,520,519,518,518,519,519,518,518,519,520,520,521,524,525,524,523,523,524,525,524,524,523,523,523,524,524,526,528,528,528,530,531,532,533,533,534,533,533,533,534
457,458,458,459,460,459,459,458,460,460,459,459,460,461,461,460,459,461,462,464,463,462,461,460,461,462,461,460,460,461,464,465,466,465,463,462,461,461,460,461,462,463,464,463,463,464,464,465,466,466,467,468,467,466,466,466,466,467,467,467,468,469,470,470,470,470,470,469,469,470,470,470,470,470,469,469,469,470,470,470,470,469,470,470,469,468,467,468,469,471,472,474,477,477,476,476,476,476,475,475,476,477,477,477,478,479,480,480,479,479,478,478,478,478,477,478,479,479,479,480,482,483,484,484,483,483,483,482,481,481,482,483,483,483,483,483,483,483,484,485,486,488,488,488,488,489,489,489,490,491,491,492,492,492,491,489,488,488,488,489,491,495,496,497,496,496,497,497,498,498,500,500,499,497,496,496,497,499,501,502,502,503,501,501,503,506,508,508,507,505,504,505,505,505,505,505,506,508,509,510,509,508,506,506,507,506,506,508,509,510,511,513,516,518,519,519,519,519,518,518,518,519,519,519,519,520,520,522,525,527,525,524,525,525,526,525,525,524,524,525,526,526,527,528,529,529,530,531,532,533,533,533,533,533,533,533
456,457,458,459,460,460,459,457,459,460,459,460,461,462,460,459,458,459,460,462,463,463,460,459,460,462,462,461,460,460,463,465,466,465,465,464,462,461,460,460,461,463,464,464,464,464,464,465,466,467,467,467,466,466,466,466,466,466,466,467,468,469,470,469,469,470,471,470,470,470,471,471,471,470,469,468,469,469,470,471,471,470,471,471,472,471,470,471,473,472,471,473,475,477,476,476,477,477,477,477,478,478,478,478,478,478,479,480,480,479,479,479,479,479,478,478,479,479,479,480,481,482,484,483,482,482,482,482,481,481,482,483,484,483,483,482,482,483,484,485,487,488,488,487,488,488,488,489,490,491,492,492,493,492,491,489,488,487,488,488,490,494,496,497,497,497,498,498,500,501,501,499,498,496,496,497,498,498,500,501,502,502,501,500,502,504,506,506,505,503,504,505,504,504,504,504,505,507,508,508,508,507,506,507,507,506,506,508,510,511,511,512,513,516,518,518,519,519,519,519,519,520,520,519,520,521,522,524,527,527,526,526,526,526,525,525,525,524,526,527,527,527,527,528,529,529,530,531,531,533,533,533,532,533,533,534
456,457,458,459,460,460,459,457,457,458,459,460,461,461,459,457,455,456,458,461,461,461,460,459,460,461,461,461,461,461,463,465,467,467,467,466,465,464,461,460,460,462,464,465,465,464,465,466,467,467,466,466,466,465,465,465,466,466,466,467,468,469,469,469,469,469,471,471,471,471,471,471,470,469,469,469,470,470,472,474,474,473,473,475,477,475,473,474,475,473,471,472,474,476,476,477,477,479,480,479,479,479,479,479,478,477,478,480,480,480,480,480,479,479,479,479,479,478,479,479,480,482,483,482,482,482,482,482,481,482,483,483,483,483,482,482,482,483,485,485,486,488,487,487,487,488,488,488,490,491,492,493,493,493,492,490,488,487,487,488,490,493,497,499,499,498,497,497,499,500,500,498,496,496,497,497,496,496,498,500,501,501,501,502,503,504,503,502,502,503,505,506,506,504,503,502,502,504,506,506,507,507,507,508,508,508,508,510,512,512,511,511,514,517,517,518,518,519,520,521,520,520,520,522,523,524,524,525,527,527,526,527,526,524,523,524,525,526,527,528,529,528,527,528,529,529,530,530,531,532,532,532,533,533,534,534
456,457,458,458,458,458,459,458,457,458,459,460,460,459,458,456,456,457,459,459,459,458,457,458,459,459,459,459,461,462,463,465,467,467,467,467,466,465,462,461,461,462,463,464,464,466,466,467,467,466,465,465,466,466,466,466,466,466,466,467,468,469,469,469,469,469,470,471,470,470,470,469,469,469,470,471,471,471,472,474,474,474,475,477,477,476,475,476,475,473,471,472,473,474,475,475,477,478,478,479,479,479,479,479,477,477,478,479,480,480,479,479,479,479,480,480,479,478,479,480,481,482,482,483,482,482,481,481,482,482,483,482,482,482,482,482,482,483,484,485,486,487,486,487,488,489,489,489,489,490,491,493,494,495,493,490,488,487,488,489,491,494,497,499,499,498,497,497,499,499,498,498,497,496,495,495,494,494,496,501,502,503,502,502,501,502,502,501,500,501,503,505,506,504,501,500,499,501,504,508,508,507,507,508,509,509,508,509,510,511,511,512,513,516,518,518,517,516,516,518,519,520,521,522,523,524,525,526,526,526,527,528,527,523,523,524,525,526,529,530,531,531,530,529,528,528,529,530,531,532,532,532,533,534,534,535
457,458,457,457,457,458,458,458,458,458,459,460,461,461,460,458,458,460,460,459,458,456,457,458,458,458,458,459,460,462,463,464,466,466,467,467,466,465,464,463,462,461,461,463,464,466,467,467,467,466,466,466,466,467,467,466,466,465,466,467,468,469,469,469,469,469,470,470,470,469,469,469,469,470,471,472,472,471,472,473,473,472,471,471,473,475,477,476,475,473,470,469,470,471,471,473,476,477,477,477,477,478,478,478,478,479,479,479,479,479,478,479,480,480,480,480,480,480,481,482,482,482,482,482,482,482,481,481,482,483,483,483,483,483,483,483,484,484,483,484,486,486,487,487,488,489,489,490,490,490,491,493,494,495,494,491,488,488,489,491,493,495,496,497,497,497,497,498,498,498,498,497,497,497,496,496,496,496,500,502,503,504,503,501,500,500,500,499,499,500,503,505,505,503,501,499,499,501,505,507,507,507,507,508,509,509,508,507,509,510,510,511,512,515,516,516,515,513,514,516,518,521,522,523,522,522,523,524,526,526,527,528,527,526,525,524,523,525,527,529,529,530,531,530,528,528,528,530,531,532,532,532,533,535,536,536
458,457,457,458,458,458,458,457,458,459,460,461,462,463,461,459,460,461,461,460,459,458,458,458,458,458,458,459,461,463,463,464,465,467,467,467,466,465,465,464,463,462,462,464,465,466,466,467,467,467,466,466,466,467,467,466,465,465,466,467,467,468,469,469,468,468,469,469,469,469,469,469,470,471,472,472,472,472,472,473,472,470,469,469,470,475,476,476,476,473,469,468,469,470,471,473,475,476,476,476,476,477,478,478,479,479,478,479,479,478,478,479,480,480,480,480,480,481,482,482,482,482,482,482,482,481,481,481,482,483,483,483,483,483,482,483,484,484,483,484,486,487,488,487,487,489,490,490,489,490,491,493,494,496,496,493,490,489,490,492,495,496,495,495,496,496,497,497,497,497,497,497,496,497,497,496,497,498,501,503,503,504,504,502,500,499,498,498,498,501,503,504,503,503,502,500,500,503,506,507,507,508,508,508,508,508,507,507,508,509,509,509,512,514,515,515,515,514,513,515,518,522,523,523,522,520,520,522,524,526,526,526,527,528,529,527,525,525,527,528,529,529,530,529,528,527,528,529,530,531,531,532,534,535,536,535
456,456,456,457,457,457,457,457,458,459,461,461,462,462,461,460,461,462,461,460,460,459,459,459,458,458,458,460,461,462,462,463,465,467,467,467,465,465,464,464,464,463,464,465,464,465,465,467,467,467,466,465,466,467,467,466,465,465,466,466,467,468,469,468,467,467,468,469,469,469,469,469,470,471,472,472,472,472,472,472,472,470,469,469,471,474,476,476,475,472,470,469,470,472,473,474,476,476,476,475,476,476,477,477,478,478,477,478,478,478,478,479,479,479,479,480,481,483,483,482,482,482,482,483,482,482,482,482,482,483,483,483,483,482,482,483,483,483,483,484,486,488,488,487,487,488,489,489,489,489,491,493,495,496,496,493,490,490,491,493,495,496,495,495,495,496,497,496,495,496,496,496,496,497,497,496,496,497,500,501,502,503,503,502,500,499,498,497,498,500,501,502,502,502,502,500,501,503,506,506,507,508,508,507,506,506,506,506,507,509,508,508,511,513,513,514,514,513,513,515,518,521,523,522,521,519,519,521,524,525,524,524,525,528,530,529,527,526,527,529,529,529,529,529,527,527,528,529,530,531,532,532,534,534,535,535
455,455,456,456,457,457,456,456,457,459,461,462,462,461,461,461,461,461,461,460,460,460,460,459,457,458,458,460,461,462,461,462,464,466,467,467,465,464,464,464,465,465,465,464,464,464,465,467,467,467,466,465,465,466,467,466,466,466,466,466,467,468,469,468,467,467,468,468,469,469,469,469,470,471,472,472,472,472,472,472,472,472,472,472,472,473,474,475,474,472,471,471,472,473,474,475,475,476,475,475,475,476,477,477,477,477,477,478,478,478,478,478,479,479,479,480,482,484,484,484,483,483,483,483,483,483,482,482,482,482,482,483,482,482,482,483,483,483,484,485,486,487,487,487,487,488,489,489,489,489,490,493,494,496,495,493,492,491,491,493,495,496,495,495,495,496,496,495,494,494,495,495,495,497,497,497,495,496,498,499,500,501,502,502,501,499,498,498,499,500,501,501,502,502,501,500,501,503,505,505,506,507,507,505,504,504,505,506,509,510,509,508,510,511,511,511,512,512,513,516,518,521,521,520,520,520,520,523,525,524,523,523,525,528,531,531,529,527,528,530,530,530,529,529,527,527,528,530,531,531,532,532,533,534,534,535
454,455,455,456,457,457,456,456,457,459,460,461,461,461,460,459,459,459,460,460,460,460,460,458,457,457,459,461,461,461,460,461,464,465,466,466,464,463,463,465,466,466,465,464,464,465,466,468,468,468,466,465,465,465,466,467,467,466,466,466,466,468,469,468,467,467,468,468,468,469,470,471,471,471,471,471,471,471,471,472,473,474,474,475,474,473,473,474,474,472,472,472,472,474,474,474,474,474,474,474,474,475,476,476,476,477,478,479,479,478,478,478,478,478,479,480,483,484,485,485,484,485,484,483,483,483,482,482,481,481,481,482,482,482,483,483,483,483,484,485,486,486,486,486,487,487,488,489,489,489,490,492,494,496,496,495,494,493,492,493,495,496,495,494,494,494,494,493,494,494,493,493,494,496,497,497,496,495,497,498,499,501,502,501,500,499,499,499,500,501,503,503,503,502,500,499,501,503,504,504,504,505,505,504,503,503,505,507,511,511,510,509,509,509,509,510,510,511,514,516,519,520,520,519,519,520,522,524,525,524,523,524,526,528,531,532,531,529,528,530,531,530,529,529,528,528,529,530,531,532,532,533,533,533,533,534
455,455,455,456,457,456,456,456,457,459,460,460,461,460,460,458,457,457,458,459,460,460,460,458,457,457,460,461,462,461,460,462,463,464,464,464,463,463,464,466,467,466,465,465,465,467,468,468,469,468,466,465,464,465,466,467,468,467,466,466,466,467,468,468,467,468,468,468,469,470,471,472,472,472,471,471,470,470,471,473,474,475,475,476,475,473,473,474,474,473,473,472,472,473,473,473,473,473,473,473,474,475,476,476,477,479,479,479,479,478,478,477,477,478,478,479,482,483,485,485,485,486,485,484,483,482,482,481,480,481,481,482,482,482,483,483,483,483,484,485,485,485,485,486,486,487,487,489,489,489,490,492,493,496,497,498,496,494,493,493,495,495,494,492,491,491,492,493,494,494,492,491,492,494,495,496,497,496,497,498,499,500,501,499,499,498,498,499,501,503,506,506,504,502,500,500,501,502,503,503,503,503,504,505,503,503,505,509,511,512,511,509,508,509,509,509,509,511,515,517,518,519,519,518,518,520,522,524,525,524,524,525,528,529,531,531,531,530,529,530,530,530,529,529,529,529,530,530,531,531,532,533,534,534,533,533
456,456,456,456,456,457,457,457,458,459,459,460,460,460,460,458,457,457,457,459,459,460,460,459,459,459,460,460,461,461,462,462,463,462,462,462,462,463,464,466,467,466,465,465,465,466,467,467,468,467,466,465,464,465,466,467,468,467,466,466,466,467,468,468,468,468,469,469,469,470,472,472,472,472,471,470,470,470,470,472,473,474,474,475,474,473,473,474,473,473,473,472,472,473,473,473,472,472,472,472,474,476,476,476,477,478,478,478,478,478,477,476,476,478,478,479,480,482,484,484,485,485,485,484,483,482,482,482,482,482,483,483,483,482,482,483,483,483,484,484,485,485,486,486,486,486,487,488,489,490,490,492,493,494,496,497,496,495,494,495,495,494,493,491,490,489,492,493,495,494,493,491,492,493,494,495,495,496,496,497,498,499,499,498,498,497,497,499,501,503,505,506,504,502,500,501,501,501,502,501,502,504,506,507,506,504,506,509,511,511,509,509,509,509,510,509,510,513,515,516,517,518,518,519,519,520,522,524,525,526,526,527,528,529,530,530,530,530,529,529,528,528,527,529,530,530,530,529,530,531,532,533,534,534,532,532
454,455,456,456,456,456,456,458,458,459,459,458,459,459,459,458,458,457,457,459,460,460,460,460,460,460,460,460,460,461,462,463,461,461,461,462,463,463,464,465,465,465,465,465,465,464,464,465,466,467,467,466,465,463,464,466,467,466,466,467,467,467,467,467,467,468,469,469,470,471,472,472,472,472,471,470,469,469,469,470,471,472,472,472,473,473,473,473,472,472,473,473,473,473,473,474,473,472,471,472,474,476,476,476,475,476,477,477,478,478,477,477,477,478,479,479,480,482,484,484,484,484,483,483,483,483,482,482,482,483,483,482,481,481,482,483,483,484,484,484,485,486,487,486,486,486,487,488,489,489,490,491,491,492,494,496,496,495,495,494,495,495,494,492,491,492,494,495,495,494,492,491,493,495,495,494,493,494,495,495,497,497,498,498,498,498,499,500,503,504,506,506,505,503,502,502,501,500,500,501,505,506,508,508,507,506,507,510,511,510,510,510,511,511,512,512,512,514,515,515,516,518,519,520,519,520,522,524,526,526,527,526,527,527,528,528,529,528,528,528,527,527,527,528,530,530,529,529,529,530,531,532,533,533,532,533
454,454,456,456,455,455,456,457,459,459,458,458,458,458,458,459,458,458,458,458,458,458,459,460,460,460,460,459,459,461,462,461,461,461,462,463,464,464,464,464,464,464,465,466,466,465,465,465,465,466,467,467,465,463,463,465,467,466,467,467,467,467,466,466,467,468,469,469,469,471,472,471,472,472,471,469,467,468,468,469,470,471,471,471,472,473,473,473,472,473,473,473,473,473,473,473,473,472,473,473,474,474,475,474,474,475,476,477,478,479,479,478,478,478,479,479,482,483,484,484,483,483,483,483,483,484,483,482,482,482,482,481,482,482,483,485,485,484,483,483,485,486,487,487,486,485,487,487,488,488,490,491,491,492,494,496,497,496,494,494,494,496,494,493,493,494,494,495,495,492,491,492,494,496,496,494,493,495,495,495,495,496,497,498,499,500,501,502,504,505,506,506,506,505,504,503,502,502,501,504,507,508,509,508,508,507,508,508,508,508,509,511,511,512,513,513,514,515,514,515,517,519,521,521,521,521,523,524,525,525,526,526,525,526,527,528,528,528,527,528,528,529,529,528,529,529,529,529,530,531,531,531,531,532,532,533
455,455,455,455,455,455,455,457,458,459,458,458,458,458,458,458,458,459,459,458,457,457,457,458,459,459,458,458,459,460,461,461,462,462,462,463,464,463,463,463,463,463,464,465,465,465,466,466,466,466,467,467,466,464,464,466,467,468,467,467,467,467,466,466,467,468,469,469,469,470,471,471,472,472,470,467,466,467,467,468,469,470,470,471,472,472,472,473,473,474,473,473,473,473,473,473,472,473,473,473,473,473,474,474,474,475,475,477,478,480,480,479,478,478,479,480,482,483,484,483,483,484,484,484,484,484,483,483,483,483,483,483,483,483,484,485,485,484,483,483,485,486,487,486,485,485,486,486,487,488,489,491,492,494,495,496,497,497,495,494,495,495,494,493,492,493,493,494,494,493,492,492,494,496,497,496,495,495,495,495,495,495,497,498,500,501,502,503,504,506,505,505,506,507,505,504,503,503,503,505,507,508,508,509,508,507,507,507,507,508,509,511,512,513,513,513,513,514,514,515,518,520,521,522,522,522,524,524,524,525,526,525,525,525,526,528,528,528,528,528,529,529,528,527,527,528,529,530,530,530,530,530,531,531,532,533
454,455,455,455,455,456,456,458,458,458,458,458,459,458,458,458,458,459,460,459,458,457,457,458,458,458,458,459,459,460,460,461,462,462,462,462,462,462,462,463,463,462,463,464,465,466,466,467,467,467,467,467,466,465,465,466,467,468,467,467,467,467,467,467,468,469,470,469,469,469,469,470,471,470,469,467,465,465,467,468,469,470,471,472,473,473,473,473,474,474,473,473,473,473,473,473,472,473,474,473,473,474,475,475,474,474,475,476,478,479,479,479,479,478,479,480,482,484,485,484,484,484,485,485,485,484,483,483,483,484,483,483,482,483,483,484,485,484,483,483,485,487,487,487,486,486,486,486,487,488,490,491,493,495,495,497,497,497,496,495,496,495,494,492,492,491,492,493,495,495,494,494,495,497,498,498,496,496,495,495,495,496,497,498,500,502,503,503,503,504,504,505,507,508,506,504,503,503,503,505,507,507,507,508,507,507,507,508,508,508,509,510,512,512,512,512,513,513,514,515,517,519,521,522,522,522,523,523,523,525,526,527,526,526,526,527,528,528,528,529,529,528,528,527,527,528,530,530,529,529,529,530,531,532,533,533
455,455,455,455,456,457,458,458,458,458,458,459,459,459,459,458,458,459,460,460,458,458,458,458,458,458,459,459,460,460,460,461,462,462,461,461,461,462,463,463,463,463,463,464,465,466,466,466,466,467,467,467,467,466,465,465,467,467,467,466,466,466,467,467,469,470,470,470,469,467,468,469,469,469,468,467,466,465,467,469,469,470,471,473,473,473,473,474,474,474,473,473,473,473,473,473,472,473,474,474,474,474,475,475,474,474,474,476,477,478,479,479,478,478,479,480,482,484,485,484,484,485,485,485,484,483,483,483,483,483,483,483,482,482,483,484,484,484,483,484,486,487,487,487,487,487,487,486,487,488,490,492,493,495,496,497,498,498,497,497,497,496,495,493,492,491,492,493,495,496,495,496,497,498,498,498,496,496,496,496,496,496,497,498,500,502,503,502,502,503,503,505,507,508,507,505,504,503,503,505,506,505,505,506,507,507,508,509,509,509,509,510,511,512,512,512,513,513,513,514,516,519,521,522,522,522,522,523,523,524,526,528,527,526,526,527,527,527,528,529,528,528,528,528,528,529,530,529,528,528,529,531,532,533,533,532
455,456,456,456,456,458,458,458,458,458,458,459,460,460,460,460,460,461,460,460,459,458,458,458,457,458,459,460,460,460,460,461,462,461,461,460,461,462,463,464,463,462,462,463,464,465,466,465,465,466,468,468,468,467,466,465,466,466,466,465,465,465,466,468,469,470,470,470,469,467,467,468,468,468,468,467,467,467,468,469,470,470,471,472,473,473,473,474,474,473,472,472,472,473,473,472,472,473,474,475,475,475,475,474,473,473,474,476,477,478,478,478,478,478,478,480,482,484,485,485,484,485,485,484,483,482,482,482,482,482,482,482,482,483,484,484,484,484,483,485,486,487,487,487,488,488,488,487,487,488,490,491,493,495,497,499,499,499,499,498,498,497,496,494,494,492,492,493,494,494,495,497,498,498,498,497,496,497,498,497,497,496,497,499,500,502,502,502,502,503,504,507,508,508,507,506,505,505,505,506,507,506,505,505,507,508,510,510,510,510,510,510,510,510,511,511,513,512,512,513,516,518,520,522,522,522,522,522,522,523,525,527,528,526,525,526,526,526,527,528,528,528,529,529,529,529,530,528,527,527,529,532,533,532,532,531
455,456,456,456,457,458,458,458,457,458,459,459,460,460,461,461,462,462,460,459,459,459,458,458,458,459,460,460,459,459,459,460,461,460,460,460,461,462,463,462,461,460,460,461,463,465,466,465,464,465,467,469,468,468,467,466,466,466,466,465,465,465,466,467,468,469,470,470,469,468,468,468,468,467,467,468,468,468,469,469,469,469,470,471,471,471,472,473,474,472,472,471,472,472,472,472,472,473,474,475,476,476,475,474,474,473,474,476,477,478,478,478,478,478,478,480,482,483,484,484,484,484,484,484,483,482,482,482,482,482,482,482,483,484,484,485,484,484,485,485,486,487,486,486,487,488,488,488,488,488,489,490,493,496,498,499,499,499,500,499,498,497,495,494,494,493,491,493,494,493,495,497,499,498,498,498,498,499,499,498,497,497,498,501,502,503,503,503,503,504,505,507,508,508,508,507,506,506,506,507,508,508,507,506,507,508,510,511,511,512,511,509,508,509,510,511,512,512,512,514,517,518,519,521,522,522,521,522,522,523,523,524,524,523,523,524,525,525,525,527,529,529,530,530,529,530,529,528,527,527,529,531,532,531,531,529
456,456,455,455,456,456,456,456,457,459,459,460,460,460,460,461,462,462,459,458,458,459,459,458,459,459,459,460,460,460,459,460,460,460,460,460,461,461,462,460,459,458,460,462,463,465,466,465,464,465,467,468,469,469,468,468,467,468,467,467,467,466,466,466,467,469,471,470,470,469,469,468,468,468,468,469,469,469,469,469,469,469,469,469,468,469,470,472,472,472,471,471,472,472,472,472,472,472,473,475,477,476,475,474,475,475,475,476,478,478,478,478,478,478,479,481,481,483,483,484,484,484,483,483,483,481,482,483,484,484,484,484,484,485,484,484,485,485,485,486,487,487,486,487,487,488,489,488,488,489,489,491,494,496,497,498,498,498,499,498,496,495,494,494,494,492,492,493,494,494,494,497,498,498,498,499,499,499,498,498,499,499,500,502,503,504,505,505,504,505,507,508,508,508,508,509,508,508,507,508,509,510,508,508,507,507,509,512,513,513,511,509,508,508,509,510,511,512,513,515,518,518,519,521,521,521,521,523,523,522,522,521,520,520,521,522,524,524,526,527,529,531,531,530,529,529,529,528,526,526,527,529,530,530,529,528
455,455,454,455,455,454,454,455,457,459,460,460,460,460,460,460,460,460,459,458,458,459,459,459,459,458,458,459,461,460,459,459,461,461,461,461,462,462,463,461,460,460,463,464,464,465,465,464,462,463,465,467,469,469,468,468,468,468,468,468,468,467,466,467,467,469,470,470,469,469,469,469,469,469,469,469,469,469,468,468,469,469,469,468,467,467,468,470,472,471,471,471,472,472,472,472,473,473,473,474,475,475,475,475,476,476,476,476,477,478,478,479,478,480,480,481,481,483,484,484,485,483,483,483,482,481,482,483,484,484,485,486,486,486,485,486,486,486,486,486,486,486,487,488,489,489,490,490,490,490,491,491,492,493,495,497,497,497,497,496,495,495,495,495,495,494,494,495,495,495,494,495,496,496,498,499,500,499,498,499,500,501,502,503,504,504,505,506,506,508,509,510,510,508,508,509,510,508,508,509,510,510,509,508,506,507,510,512,513,513,512,511,511,510,509,510,511,512,512,515,517,518,518,518,519,520,521,523,523,523,522,520,518,517,519,521,522,524,526,527,529,531,531,530,529,528,527,526,525,525,527,527,529,529,528,528
454,454,454,455,456,456,455,456,456,458,459,459,459,460,460,459,459,459,458,458,458,458,459,459,458,457,456,458,460,460,459,460,461,463,463,462,462,464,464,463,461,462,465,467,466,465,466,464,463,462,464,466,468,469,468,468,468,468,468,468,467,467,467,467,467,468,469,469,469,469,469,471,470,470,469,469,469,468,468,467,467,468,468,468,468,468,468,470,472,472,471,471,471,471,471,472,473,474,474,475,474,474,475,476,477,476,475,474,475,477,478,479,480,481,481,481,481,483,485,484,484,484,484,484,483,482,482,483,483,484,485,486,486,486,486,487,487,486,485,485,485,485,486,487,488,489,489,489,490,491,491,492,492,494,496,497,496,495,496,497,497,496,496,496,496,496,496,496,496,495,495,494,495,496,498,499,500,500,501,501,501,501,502,503,504,504,504,506,508,509,510,511,510,508,508,509,509,508,507,508,510,509,508,507,507,509,511,512,513,513,512,512,512,511,509,510,512,513,514,516,517,517,518,518,518,519,521,522,522,522,521,519,517,516,517,519,522,523,524,525,527,529,529,529,528,526,525,525,525,524,524,525,526,527,528,529
455,454,454,456,456,456,456,456,456,457,458,458,459,460,460,459,459,458,458,458,458,458,458,458,458,457,457,458,460,461,461,462,463,464,464,464,464,464,465,464,464,465,467,468,467,466,467,467,464,463,464,465,467,468,468,468,468,467,467,467,467,467,468,468,468,469,469,469,468,469,469,469,469,470,470,470,470,469,468,467,468,468,468,468,469,469,469,471,472,473,472,472,471,471,472,473,473,474,474,475,474,474,475,476,476,475,474,474,475,476,478,479,480,480,480,480,481,483,484,483,484,484,485,485,483,483,483,483,483,483,484,485,485,485,485,486,487,486,485,485,486,487,487,486,487,488,488,488,489,490,491,492,494,496,498,498,496,495,497,500,499,496,495,495,497,497,497,497,497,497,495,494,495,497,499,499,499,501,502,502,501,500,501,502,504,504,505,507,508,509,510,511,510,508,509,509,509,508,507,509,510,509,508,507,507,509,510,512,514,513,512,512,513,512,511,511,513,516,516,517,518,518,519,518,518,518,519,519,519,520,520,519,519,518,518,519,520,521,523,524,525,527,528,527,527,525,525,525,524,524,523,523,524,526,528,530
455,455,455,456,456,456,456,456,456,456,456,457,458,460,461,460,459,459,459,459,459,459,458,459,459,459,458,459,460,461,462,462,464,465,466,465,464,464,465,466,467,467,466,466,465,465,467,467,465,464,464,466,467,468,468,468,467,467,467,466,466,467,468,469,469,469,469,469,469,469,469,469,469,470,470,470,470,469,468,468,469,469,469,470,470,471,471,472,473,473,473,472,472,472,473,473,473,474,474,475,475,475,476,476,475,474,475,475,475,477,477,478,479,479,479,480,481,482,482,483,484,485,486,485,484,483,484,483,483,483,484,485,485,485,485,485,486,486,486,486,487,488,488,487,487,487,487,488,489,490,492,494,495,496,498,498,497,497,499,501,500,496,494,495,498,500,499,499,498,498,496,495,496,498,499,498,499,501,503,503,502,501,501,502,503,504,504,506,507,508,509,510,509,508,508,509,509,509,508,510,511,510,509,508,508,509,510,512,513,513,512,511,512,512,511,511,514,516,516,517,519,519,520,519,519,518,517,516,516,517,518,519,519,519,518,518,519,520,522,523,524,525,525,526,526,525,525,525,524,524,524,524,525,527,529,530
456,456,456,456,456,456,456,456,456,456,456,457,458,460,461,460,459,459,459,459,459,459,459,459,460,460,460,460,461,461,462,462,463,464,465,465,464,464,465,466,468,467,464,464,463,463,465,467,466,465,465,466,467,467,468,467,467,467,467,466,466,467,468,469,469,469,469,469,470,470,469,468,468,469,470,469,469,469,469,469,469,470,471,471,471,472,473,473,473,473,472,472,472,473,473,473,473,474,475,476,476,476,476,476,475,475,475,475,476,477,477,478,478,479,478,479,480,481,481,482,483,484,485,484,484,484,484,483,483,483,484,485,485,485,485,485,487,487,487,487,488,489,489,488,487,487,487,488,489,490,492,494,495,495,496,497,497,497,499,500,499,496,494,496,500,501,501,500,499,498,496,496,497,499,499,498,499,501,503,504,504,502,502,502,504,504,504,505,505,506,508,508,507,507,507,508,509,509,509,510,512,511,510,510,510,509,510,512,512,512,511,510,511,512,511,511,513,515,515,516,518,520,520,520,519,518,517,514,514,515,517,519,521,520,520,519,520,521,522,523,523,523,523,524,525,525,526,526,526,525,526,527,527,528,529,530
457,457,456,456,456,456,457,457,457,456,456,457,458,459,460,459,459,459,459,459,459,459,459,459,460,461,461,461,461,461,461,461,462,463,463,464,463,463,464,466,467,465,462,461,460,461,463,467,467,466,465,465,467,467,467,467,467,466,466,465,466,467,468,468,468,468,468,469,470,471,470,468,469,469,469,468,467,468,469,469,470,471,472,472,472,472,472,472,472,472,472,473,473,473,473,473,473,474,475,476,476,477,476,475,475,475,475,475,477,477,477,477,478,479,478,478,479,481,482,482,483,483,484,484,484,484,484,483,483,483,484,485,485,486,486,486,488,488,489,488,488,490,489,488,487,488,488,489,490,490,491,492,493,493,494,495,495,496,498,498,498,496,495,497,500,501,500,499,498,498,497,497,497,498,499,499,499,500,502,504,504,502,502,503,504,505,505,505,505,505,507,507,506,507,507,508,509,509,509,511,512,512,511,511,510,510,510,511,511,510,510,509,510,511,511,511,512,513,513,514,516,518,518,518,519,519,517,515,514,516,519,521,522,522,521,521,521,521,521,522,522,522,522,523,524,525,526,527,528,528,529,529,530,529,529,531
457,457,456,457,457,457,457,457,456,456,456,458,459,459,459,459,459,459,459,459,459,459,458,458,459,460,461,460,460,460,460,460,461,462,462,463,463,463,463,465,466,464,461,459,459,460,463,466,467,466,465,466,467,467,467,467,467,466,466,465,466,467,467,467,468,468,470,470,471,470,469,469,469,469,469,468,467,468,469,470,471,472,472,473,472,471,471,471,471,471,472,472,473,473,473,473,473,475,476,476,476,476,474,474,474,474,475,476,477,478,477,477,478,479,478,479,481,482,483,482,482,483,484,484,484,484,484,484,483,483,484,485,486,486,487,487,488,489,489,489,488,489,488,487,487,488,489,490,491,491,491,491,492,492,492,493,494,495,497,498,497,496,495,497,498,500,500,499,499,498,497,497,497,497,498,498,498,499,501,502,502,502,501,502,504,505,506,506,506,505,506,506,506,507,508,509,509,509,509,510,510,510,510,510,509,509,510,510,510,510,510,509,510,511,512,512,512,512,512,513,514,516,516,517,518,518,518,518,517,519,522,523,524,523,522,522,521,520,520,521,521,521,523,524,525,525,526,528,529,530,530,531,532,531,530,531
456,456,457,457,458,458,458,456,456,456,456,457,458,459,459,458,459,459,459,459,459,459,458,457,458,459,460,460,459,459,459,459,461,461,462,462,462,463,463,465,466,464,461,461,461,461,464,466,467,465,465,466,467,467,467,467,467,466,466,467,466,466,466,467,467,469,470,471,470,469,470,469,469,468,469,469,469,469,470,470,470,471,472,472,471,470,470,470,470,471,471,472,473,473,473,472,473,474,475,475,475,474,473,473,475,476,476,476,478,479,479,478,478,479,479,480,481,483,483,482,482,483,484,484,484,484,484,484,483,483,484,484,485,486,487,487,487,488,489,487,487,487,488,488,488,489,491,491,491,491,491,490,491,491,491,493,494,495,497,498,497,496,495,497,499,499,500,500,499,498,498,497,496,496,496,497,497,498,499,500,501,501,501,501,502,504,505,506,506,504,504,505,505,507,508,509,509,509,509,509,510,510,509,508,508,508,508,508,508,509,510,511,511,512,513,514,514,514,513,512,512,514,515,515,516,518,519,521,522,524,525,524,524,524,523,522,520,519,520,522,523,523,524,525,526,526,526,528,530,530,531,531,532,532,532,532
456,456,456,457,457,457,457,457,457,457,458,458,458,458,458,456,457,458,458,459,459,459,458,458,458,459,459,459,459,459,459,459,461,461,461,461,461,461,463,465,466,464,464,463,463,463,464,466,466,465,464,466,467,467,467,467,467,467,467,466,466,466,467,467,468,469,470,469,469,469,470,469,468,468,469,470,470,470,470,469,469,469,469,471,471,471,471,470,470,470,471,473,474,473,473,473,473,474,474,475,475,473,473,473,475,477,478,477,477,478,479,479,478,479,480,481,481,482,483,483,483,484,484,483,484,483,483,482,482,482,483,484,485,486,486,486,486,486,488,487,487,488,490,490,489,490,492,491,491,492,492,491,491,491,492,493,494,496,498,498,497,496,498,500,501,501,501,501,500,499,498,498,497,497,497,496,497,497,497,498,499,501,501,501,501,502,503,504,504,503,503,503,504,506,507,508,508,508,508,508,509,509,507,506,506,506,506,505,507,508,510,510,511,512,513,514,515,515,514,512,512,512,512,514,516,519,521,523,525,525,524,523,523,523,522,522,521,522,524,525,525,525,526,526,527,527,527,528,530,530,530,530,532,533,533,532
454,455,455,456,457,457,458,457,457,457,458,458,458,457,457,456,457,457,458,459,460,459,458,458,459,459,459,460,460,460,460,460,461,460,460,460,460,460,462,464,465,465,465,466,465,464,464,465,465,464,464,465,467,468,468,467,467,466,466,466,466,466,468,468,469,469,469,468,468,469,470,468,468,468,469,471,471,470,470,470,470,469,469,471,473,473,472,471,470,471,471,472,473,473,473,473,474,473,473,474,474,474,473,473,474,476,477,478,478,478,478,478,477,478,480,480,481,482,483,484,484,484,483,483,483,482,482,482,482,482,483,484,485,486,486,486,486,486,488,488,488,489,490,490,490,491,491,492,492,492,492,492,492,492,492,493,495,497,497,498,497,496,498,501,501,501,501,500,498,498,499,498,498,499,498,497,496,495,495,496,499,502,504,503,502,502,502,503,504,504,503,503,503,504,506,506,506,505,506,506,506,506,506,504,505,506,507,506,507,509,510,511,511,512,512,513,513,513,513,512,512,511,511,512,516,519,520,522,524,524,523,523,523,522,523,524,525,525,525,526,526,525,525,526,528,529,528,528,530,529,529,529,530,531,531,530
455,455,456,457,458,458,458,457,457,458,458,458,457,457,457,457,458,459,459,460,460,460,459,459,460,460,460,460,460,461,460,461,461,461,460,460,460,460,462,463,463,464,465,467,466,464,464,464,465,465,465,466,467,468,468,467,465,465,465,466,466,467,468,468,468,468,468,468,468,468,468,468,467,469,470,471,471,470,470,470,471,470,470,472,473,474,472,471,470,471,471,471,471,472,472,473,473,473,472,473,473,473,473,472,473,474,476,477,478,478,477,477,477,478,479,481,481,481,481,482,483,483,482,482,482,482,483,483,483,482,482,483,485,485,485,485,486,487,488,488,487,488,489,490,490,491,491,492,492,492,492,492,491,491,492,493,495,497,498,498,497,496,497,499,500,500,501,500,498,499,500,500,500,499,498,496,495,494,495,497,500,503,504,504,503,502,501,503,504,504,503,502,503,504,505,505,504,504,505,505,505,505,505,505,506,507,508,508,509,510,511,511,511,512,512,512,512,512,512,512,512,512,513,514,516,519,520,521,522,522,522,522,522,523,525,527,527,527,526,526,526,525,525,526,528,530,529,530,530,530,529,528,529,530,530,530
456,456,457,457,458,458,457,457,458,459,458,457,457,458,458,458,459,459,459,460,460,459,460,460,461,461,460,460,460,460,460,462,462,461,461,461,461,461,462,461,462,463,464,466,465,464,463,464,465,466,466,466,467,467,467,466,465,464,465,466,466,467,468,468,468,468,468,468,468,468,468,468,468,469,470,470,470,470,470,470,471,471,471,472,473,473,472,471,471,471,472,472,471,472,472,473,474,474,472,472,472,472,472,472,473,473,475,476,478,478,478,478,478,478,480,481,481,481,480,480,481,481,481,481,482,482,483,483,483,482,481,482,484,484,484,484,486,487,487,487,487,487,488,489,490,491,492,493,493,493,492,492,491,491,492,493,496,497,498,498,498,496,497,498,498,499,500,499,499,499,500,500,499,499,498,496,495,495,497,500,503,503,504,504,503,501,501,502,502,503,502,502,502,503,504,504,503,504,504,504,504,504,505,505,506,507,508,509,510,511,511,511,511,512,512,513,513,511,511,512,513,513,514,515,517,518,519,519,519,520,521,522,522,523,525,528,529,528,527,527,527,526,526,527,528,530,531,531,531,531,530,529,530,530,531,530
455,456,457,458,458,458,457,458,459,459,459,458,457,458,459,459,459,459,459,459,459,459,459,460,461,461,460,460,460,460,461,463,462,461,461,462,462,462,462,462,462,463,463,464,464,463,463,464,465,465,465,466,466,467,467,466,465,464,465,466,466,467,468,468,469,468,468,468,469,468,468,469,468,468,469,469,470,470,470,471,471,471,472,473,473,472,472,471,471,472,472,472,472,472,473,473,474,474,473,472,472,472,472,472,473,473,474,476,478,478,479,479,478,479,480,481,481,480,480,480,481,481,481,481,482,483,483,484,483,482,481,482,483,484,484,484,485,486,486,486,487,487,488,489,491,492,493,493,493,493,493,492,491,491,492,493,495,496,498,499,499,497,497,497,497,497,499,499,499,500,501,500,499,499,498,497,496,497,499,502,504,504,504,503,502,501,501,501,501,501,502,502,502,503,503,504,504,504,504,504,504,504,505,505,506,507,508,510,511,511,511,510,510,511,513,515,515,513,512,512,513,515,515,516,517,518,517,517,517,519,521,522,523,524,526,528,528,527,527,527,528,528,527,527,529,529,531,531,531,531,531,530,531,532,531,530
454,455,457,458,458,458,458,458,459,459,458,458,457,458,459,459,459,459,459,458,458,458,459,459,460,460,461,460,460,461,462,463,462,461,461,462,463,463,462,462,463,464,463,463,463,464,464,464,464,464,464,465,466,466,466,466,465,465,465,466,467,467,468,469,469,468,468,469,470,470,469,470,469,469,468,468,469,472,472,471,471,472,473,473,473,472,472,471,471,472,472,472,472,472,473,473,474,474,473,473,473,474,473,473,473,474,475,476,477,477,478,479,479,480,481,481,481,480,480,480,481,482,482,481,482,482,483,483,483,482,481,482,482,483,483,483,484,485,485,485,486,487,488,489,491,493,493,493,493,493,492,492,491,492,492,493,494,495,497,498,499,498,497,497,497,496,497,498,500,501,501,500,500,500,499,498,497,498,500,503,504,504,503,502,502,501,500,501,501,502,502,503,504,504,504,505,506,507,505,504,504,504,505,506,507,507,509,511,512,512,511,510,510,511,513,515,516,515,513,513,514,515,516,516,517,517,517,516,517,520,522,523,524,525,526,527,526,526,526,527,529,528,527,527,529,529,530,531,531,531,531,531,532,533,532,530
455,456,457,458,458,457,458,458,458,458,457,457,457,458,459,459,459,459,458,458,458,458,459,459,459,460,460,460,460,461,462,461,461,461,461,462,462,462,462,462,463,464,464,464,464,464,464,464,463,463,463,465,466,466,467,466,466,466,466,466,467,468,469,469,469,468,468,470,471,472,471,471,470,469,469,469,470,473,473,472,472,474,474,474,473,473,473,473,472,472,473,473,473,473,473,474,474,473,472,472,473,474,474,474,474,475,475,475,475,476,477,478,478,480,481,481,481,480,480,480,480,481,482,482,482,482,482,482,483,482,481,481,481,482,483,484,484,484,484,485,486,488,488,490,491,493,493,493,492,492,492,492,492,492,493,493,494,494,495,497,498,498,498,498,497,497,497,499,500,502,502,502,501,501,500,498,497,497,499,502,503,504,503,502,502,501,502,503,503,503,504,505,505,505,506,507,509,509,508,506,506,506,507,509,509,509,511,512,512,512,511,511,510,511,513,514,516,516,514,514,515,516,516,517,517,517,517,516,518,521,523,523,524,525,526,527,526,525,526,528,529,528,527,527,529,529,529,530,531,531,530,531,532,533,532,531
457,457,457,458,457,457,457,457,457,457,457,457,457,458,458,458,458,458,458,458,458,458,459,459,459,459,459,459,460,461,461,461,461,461,461,462,462,462,462,462,463,465,466,466,465,464,465,465,465,465,464,465,466,467,467,467,467,466,467,467,468,468,468,468,468,468,469,471,471,472,471,471,470,470,470,470,471,473,473,472,473,475,475,474,473,474,475,474,473,473,473,471,471,471,473,474,475,474,472,471,473,474,476,476,476,476,476,475,474,475,476,477,478,480,481,481,482,480,480,480,480,481,482,482,482,482,482,482,482,482,481,481,481,481,483,484,484,484,484,486,487,489,491,491,491,492,493,493,492,492,492,493,493,493,493,494,495,495,496,497,497,497,497,498,498,498,498,499,501,502,502,502,500,500,500,498,496,497,499,501,502,503,503,503,503,504,505,505,505,505,506,506,507,507,507,508,509,511,510,508,508,510,510,510,510,511,512,513,513,513,512,512,512,513,513,514,515,516,514,514,516,516,516,517,518,519,518,518,520,522,524,523,524,525,526,527,527,526,527,528,529,528,527,527,529,529,530,530,531,531,530,531,531,533,533,532
457,456,456,456,457,456,456,457,457,457,457,457,457,457,457,457,458,458,458,458,458,458,458,458,458,457,458,458,460,461,462,462,461,460,461,461,463,464,464,463,465,467,467,466,466,467,468,469,469,467,466,465,466,466,467,467,467,467,467,468,468,468,467,468,468,468,470,471,472,473,471,470,469,469,469,470,471,472,472,472,474,476,476,474,472,473,475,473,473,473,473,471,470,471,473,475,475,474,472,471,473,475,476,477,478,477,476,475,475,476,477,477,478,479,480,481,482,481,480,480,480,481,482,482,482,482,482,482,482,482,483,482,481,482,484,486,485,485,485,486,488,490,490,490,490,490,492,492,492,492,492,493,493,493,494,494,495,496,497,496,495,495,497,499,500,500,500,500,501,501,501,500,499,499,499,498,496,496,497,498,500,501,502,502,502,503,505,506,505,505,506,507,508,506,507,507,509,510,510,509,509,510,510,510,510,511,513,514,514,514,513,514,514,514,513,512,514,515,514,514,515,516,517,518,519,520,520,520,521,522,523,525,525,525,526,527,527,527,528,529,529,528,527,527,529,529,530,531,531,531,531,531,531,532,532,532
455,455,455,456,456,456,456,457,458,458,458,456,456,456,456,457,457,458,458,458,457,457,456,457,457,457,457,458,459,461,463,464,463,462,462,462,463,465,466,466,467,468,467,467,467,468,469,470,469,468,467,467,466,466,466,466,466,467,467,467,467,467,468,469,470,470,471,472,473,474,474,472,471,470,469,470,472,472,472,472,474,474,473,472,472,473,473,473,471,472,473,473,472,472,473,475,475,474,473,472,473,474,476,477,477,477,476,475,475,476,477,478,478,479,479,481,482,481,481,480,480,480,481,482,482,482,481,481,481,482,483,483,483,483,485,486,486,486,486,486,487,489,489,488,488,489,489,490,490,490,491,492,493,494,493,493,494,496,497,496,494,494,496,499,501,501,501,500,499,499,499,498,498,499,499,498,496,495,495,497,499,499,499,499,500,501,504,504,505,504,506,508,507,506,505,506,508,510,510,510,510,510,509,509,510,511,513,514,514,514,514,514,514,515,514,513,512,513,513,514,515,517,518,519,520,521,521,521,522,522,522,523,524,524,525,526,527,527,528,529,528,527,527,527,529,530,531,532,532,532,532,531,531,531,531,531
454,454,455,456,457,456,456,457,458,458,458,457,456,456,457,457,458,459,459,458,457,456,455,456,457,457,458,459,460,461,463,464,463,461,461,462,463,463,464,465,467,468,468,466,466,467,468,469,469,468,467,466,465,466,466,467,468,468,468,468,468,468,470,471,472,472,471,472,473,474,475,475,474,472,471,472,473,474,473,473,473,473,472,472,473,474,474,473,473,473,473,474,474,473,474,474,475,473,472,472,473,474,475,476,476,476,476,475,476,476,477,477,478,478,479,480,480,480,480,480,480,481,482,483,482,482,482,482,482,481,482,483,483,484,485,486,487,487,487,486,487,488,489,489,489,490,490,490,490,491,491,492,493,493,493,493,495,497,497,496,493,493,494,498,501,502,501,500,499,498,497,496,497,499,498,497,495,494,495,497,497,498,498,498,500,502,504,506,505,505,506,507,506,505,506,507,509,509,509,510,510,510,509,510,511,513,513,513,514,514,514,514,514,515,515,514,512,512,513,515,516,517,518,519,520,520,521,521,523,523,523,523,523,523,524,525,526,526,528,528,527,526,527,528,530,531,533,533,532,532,532,532,531,531,531,531
455,455,455,456,456,456,456,457,458,458,458,458,457,457,458,458,459,460,460,459,458,456,457,457,457,458,459,460,460,461,462,463,462,461,461,462,462,462,463,464,466,467,468,466,466,466,468,469,469,468,467,465,464,464,466,468,469,469,469,468,468,469,472,473,473,472,472,472,473,475,476,476,475,473,473,473,475,475,475,474,474,474,473,474,475,475,475,474,474,473,473,474,474,474,474,475,475,473,472,472,473,474,474,475,475,476,476,476,477,477,477,477,477,477,478,479,479,480,481,481,482,483,485,484,483,482,482,482,481,481,481,482,483,484,485,486,488,488,487,486,487,488,489,490,491,491,491,491,491,492,492,492,492,492,492,493,495,497,498,497,496,494,494,497,500,501,500,500,500,499,497,495,497,498,496,495,495,495,496,497,498,497,498,498,501,503,505,507,506,505,505,506,505,504,505,507,508,508,509,510,510,510,509,509,511,512,512,513,514,514,514,513,514,515,515,515,513,513,514,516,516,517,519,520,521,521,522,522,522,523,523,523,522,522,524,525,526,527,527,527,526,526,527,529,531,532,533,533,533,533,532,532,532,532,531,531
455,454,455,455,455,456,456,457,457,458,458,458,458,458,458,459,459,460,461,460,459,458,459,459,459,459,459,459,460,461,462,463,463,462,462,463,463,463,463,464,465,467,467,466,466,466,467,468,468,467,467,465,463,464,466,468,469,469,469,468,468,470,471,472,471,471,471,472,472,474,474,474,473,472,472,473,474,474,475,474,474,474,474,475,475,475,474,474,474,473,473,473,474,474,474,475,475,473,472,473,474,474,473,474,475,476,477,477,477,477,477,477,477,477,477,478,479,480,480,481,483,485,486,485,483,482,481,481,481,481,480,482,484,485,486,487,488,488,487,487,488,489,491,492,492,492,492,491,492,492,492,492,492,492,492,493,495,497,499,499,499,497,496,497,499,500,500,500,501,500,498,496,497,497,495,494,494,496,497,498,498,497,498,499,501,503,505,506,506,506,505,505,504,504,504,505,507,508,509,510,510,509,509,509,510,511,511,512,514,514,514,514,513,514,515,516,515,514,515,516,516,517,519,520,521,522,522,521,521,523,523,523,522,523,524,526,527,528,528,527,526,526,528,530,532,532,532,533,533,533,532,532,532,532,531,531
454,453,453,454,454,455,455,456,456,457,458,459,458,458,458,458,459,459,460,461,461,460,460,460,460,460,458,458,459,461,462,464,465,464,464,464,464,464,463,464,465,466,467,466,466,466,467,467,466,466,465,465,464,464,465,466,468,468,468,468,468,469,469,469,469,470,470,471,471,472,472,471,471,471,471,471,472,473,474,473,473,473,474,474,473,473,472,472,472,472,472,473,474,474,474,474,474,473,473,474,475,475,474,473,475,476,477,478,478,478,477,476,476,476,477,478,479,479,480,481,483,485,485,483,482,480,480,481,482,482,482,483,485,485,486,487,488,488,487,488,489,490,491,493,493,493,493,492,492,492,492,491,491,492,492,493,494,496,499,500,500,499,497,498,498,499,499,499,501,501,500,498,498,497,495,494,494,497,498,499,499,498,499,500,502,504,505,505,506,506,506,505,505,503,503,504,507,508,509,509,509,509,509,509,509,510,510,511,513,515,515,515,513,514,515,516,516,516,516,516,516,517,518,520,521,522,521,520,521,523,523,523,523,524,526,527,528,528,528,527,526,526,528,529,531,531,531,532,533,532,532,532,533,532,531,531
454,453,453,454,453,454,455,455,455,455,456,457,458,458,458,457,457,459,460,461,461,460,459,459,460,460,458,458,459,461,463,464,465,465,465,465,465,465,464,464,465,466,466,466,466,466,467,467,466,465,464,464,465,465,464,465,466,467,467,467,468,467,467,467,467,469,470,470,470,470,470,469,470,470,470,470,471,472,473,472,472,472,473,472,472,471,471,471,471,471,472,473,473,473,473,473,474,473,473,474,475,474,473,473,474,476,477,478,478,478,477,477,477,477,477,478,479,479,479,481,483,484,483,481,480,480,480,482,483,484,485,486,485,485,486,486,487,488,488,489,490,490,490,492,494,494,494,493,492,492,492,492,492,493,493,493,493,494,496,498,498,499,498,497,498,498,499,499,501,502,501,500,500,499,496,495,495,497,499,501,502,502,502,503,504,504,504,504,505,506,506,506,505,504,503,504,506,507,508,509,508,509,509,508,508,509,509,510,512,514,516,515,514,514,514,516,517,516,516,517,516,516,518,520,521,521,521,521,523,524,524,524,524,526,527,528,528,528,528,527,526,527,527,528,529,530,531,532,533,531,531,532,533,533,532,532
454,454,453,453,453,455,456,456,456,456,455,457,458,457,456,456,456,458,459,460,460,458,458,458,460,460,460,460,461,461,463,464,465,464,464,464,464,465,465,464,465,465,465,465,466,467,467,466,466,465,464,464,466,466,465,464,464,465,466,467,467,466,466,467,468,468,469,470,470,469,468,468,469,469,470,470,471,472,472,471,471,472,472,471,471,471,472,471,470,471,472,473,473,473,473,473,474,473,473,474,474,473,472,472,474,475,476,477,477,477,478,478,479,478,479,479,479,479,479,480,482,481,480,479,479,480,481,482,484,485,486,486,486,485,485,486,487,488,490,491,490,489,490,491,493,493,494,494,494,493,494,494,494,494,494,492,492,493,494,495,496,497,497,497,497,498,498,499,501,501,501,501,501,500,498,497,497,498,500,502,504,506,505,505,505,503,503,502,504,506,506,506,506,504,504,504,504,506,507,508,508,509,509,508,508,509,509,509,510,513,515,514,513,514,514,515,516,515,515,516,516,517,518,520,521,522,522,522,523,525,526,526,526,527,528,528,528,528,528,527,527,527,527,527,529,530,532,533,533,532,532,533,534,534,533,533
454,454,453,452,453,454,455,456,457,455,454,456,456,456,455,455,456,456,458,459,458,456,456,457,459,460,461,462,461,462,462,463,463,464,464,463,464,465,465,465,465,464,464,464,465,466,465,465,465,464,464,464,465,467,466,465,465,465,466,466,466,465,466,468,469,468,468,469,469,469,467,468,468,469,470,470,471,472,471,470,470,470,471,472,472,472,472,470,470,470,471,472,472,472,473,472,472,473,473,473,474,473,472,472,474,475,476,476,476,477,478,478,479,479,479,479,479,479,479,480,481,479,479,480,480,481,481,483,485,485,485,485,484,484,484,485,486,487,489,488,488,488,489,489,490,491,493,493,492,493,494,495,495,494,493,492,493,493,493,494,494,494,496,498,498,498,499,499,500,500,500,500,499,497,497,497,498,499,499,501,503,504,506,505,504,502,501,501,504,506,508,507,506,504,504,504,504,505,507,508,508,509,509,509,509,510,510,509,512,514,514,513,512,512,514,514,514,514,514,515,516,516,517,519,520,521,522,523,523,524,526,527,527,527,527,527,525,526,527,526,528,528,527,527,529,530,531,533,534,533,534,534,535,534,534,533
455,455,453,452,452,454,455,455,454,453,455,457,458,457,456,457,456,458,459,459,457,457,458,459,458,458,458,459,461,461,461,461,462,463,463,464,464,465,465,465,465,464,463,464,466,466,465,465,465,464,464,464,464,466,467,467,466,465,466,466,466,466,467,468,468,467,467,468,470,469,468,467,468,469,469,470,471,471,470,469,469,470,471,472,472,472,471,471,471,471,471,472,472,473,473,472,472,472,473,474,474,474,474,473,473,474,476,476,476,477,477,478,479,479,478,479,479,479,480,480,480,480,480,480,481,482,483,485,486,485,483,482,482,484,485,485,484,484,486,486,487,487,488,487,486,485,487,488,488,491,494,494,493,492,492,492,492,493,493,492,492,493,496,498,498,498,499,499,499,498,499,500,498,496,496,498,499,499,499,500,501,502,504,504,504,502,502,502,504,506,508,508,507,505,505,505,505,506,507,508,508,509,510,510,511,512,511,511,512,514,513,512,511,512,513,513,513,514,514,515,515,515,517,518,518,520,521,523,524,525,525,526,525,525,526,526,525,526,527,528,529,529,528,527,527,529,531,533,534,533,532,532,533,534,533,532
455,455,455,454,454,455,455,456,455,454,456,457,459,458,457,457,457,459,459,458,457,458,460,460,459,457,457,459,461,461,460,460,460,461,462,464,465,465,465,465,464,463,463,465,466,466,465,465,464,464,464,463,463,465,467,468,467,467,467,467,467,467,467,468,468,467,467,469,469,469,468,468,468,468,468,469,470,470,470,469,470,471,471,470,471,471,471,472,471,471,471,470,472,473,473,473,472,473,473,473,473,473,474,474,474,475,476,477,477,477,477,477,478,478,478,478,479,479,479,479,479,479,479,479,481,482,483,484,485,483,482,481,482,485,486,485,483,482,484,486,487,487,487,487,485,484,484,486,487,490,493,493,491,491,492,492,492,492,491,492,492,493,495,497,498,498,499,499,498,497,498,498,496,495,497,499,500,499,498,498,499,501,503,503,503,503,503,504,505,507,507,507,506,505,504,505,506,506,506,507,508,509,510,511,512,512,512,512,512,513,513,511,511,512,513,514,514,515,516,515,515,515,516,518,519,520,522,525,525,525,525,523,523,524,524,525,526,527,528,530,531,530,528,526,526,528,531,533,534,533,532,533,534,535,533,532
455,456,456,456,456,456,456,456,456,456,458,459,459,458,458,458,458,459,459,457,456,457,459,460,459,458,457,459,461,461,461,461,461,461,463,464,465,465,464,464,464,464,464,465,466,466,465,464,464,464,464,462,463,465,467,468,468,467,466,466,467,467,467,468,468,468,468,469,469,469,468,468,468,468,468,469,471,471,470,470,471,471,470,469,470,470,471,472,471,470,470,470,471,472,472,473,473,473,473,472,472,472,474,474,475,475,477,478,478,477,477,477,477,478,478,478,478,478,478,478,479,479,479,479,480,482,483,483,483,482,481,481,483,485,486,485,483,482,483,485,486,487,487,487,486,485,485,487,488,490,491,492,491,491,492,493,492,492,492,492,493,494,496,497,498,498,499,499,498,497,497,496,495,494,497,499,500,499,497,497,498,500,502,503,503,503,503,504,505,507,507,507,506,504,503,504,505,505,506,506,507,508,510,512,512,512,511,512,512,512,512,511,511,512,514,515,515,516,515,515,515,516,518,519,520,521,523,525,526,524,523,522,522,523,524,525,526,527,528,530,530,529,528,526,526,528,530,533,533,533,533,534,535,534,531,529
456,457,457,457,456,456,456,457,457,458,459,460,459,458,459,459,459,458,457,456,456,456,458,460,460,459,458,459,461,461,461,461,461,461,463,464,464,464,463,464,464,464,464,465,466,466,465,464,464,464,463,462,463,466,467,467,467,466,466,465,466,467,468,468,469,469,469,469,469,469,469,469,469,469,470,471,472,472,472,472,472,471,470,470,470,470,471,471,471,471,471,471,471,471,472,472,473,473,473,472,471,472,473,474,475,476,478,478,478,477,477,477,477,478,479,479,478,478,479,478,479,480,480,480,481,482,482,483,482,482,481,482,483,484,485,485,484,483,484,485,487,487,488,487,487,487,489,490,490,489,490,490,491,492,492,493,493,493,493,494,494,495,496,497,498,498,499,499,498,498,497,495,493,494,496,499,500,499,497,497,498,499,501,503,502,502,502,504,505,507,507,507,505,504,503,504,505,505,506,507,508,508,509,510,511,511,511,511,511,511,511,510,511,512,514,515,515,515,515,514,515,517,518,519,520,522,524,525,525,523,522,521,522,524,525,526,526,527,527,528,530,529,528,527,528,529,530,533,533,533,534,535,535,532,529,527
456,457,457,457,456,456,456,457,458,458,458,458,458,458,459,460,459,458,456,456,456,456,457,459,460,459,458,459,461,462,462,461,462,462,463,462,462,462,462,463,465,465,465,466,466,466,466,466,466,465,463,463,464,466,467,467,467,467,466,465,466,467,468,470,470,469,468,468,469,470,470,470,470,470,472,472,473,473,473,473,472,471,471,471,470,470,471,472,472,472,472,473,473,472,471,472,473,473,473,472,472,472,473,474,475,476,478,477,476,476,476,477,478,479,479,480,479,480,480,479,479,481,481,482,481,482,482,482,482,482,483,482,482,482,484,485,485,484,485,486,488,488,488,488,488,489,491,492,490,489,489,490,491,492,492,493,493,494,494,495,495,495,496,497,497,498,499,499,499,498,497,494,493,494,497,499,499,499,498,497,497,499,501,502,501,500,501,503,505,506,507,506,505,504,504,505,506,506,506,507,508,508,509,508,508,509,509,509,509,509,509,510,510,512,514,515,516,515,514,514,515,517,518,519,520,522,524,525,524,522,521,522,523,524,526,527,527,527,526,527,529,529,528,528,528,528,530,532,534,534,534,535,533,530,527,525
456,456,456,456,456,456,456,457,458,457,457,456,457,459,459,459,458,456,456,456,457,457,458,459,460,458,458,460,462,462,461,461,461,462,462,461,461,461,462,464,465,466,465,466,467,467,467,467,467,466,464,464,464,466,466,467,467,467,467,466,466,468,469,471,471,469,467,467,469,470,470,469,469,470,471,472,472,472,473,473,472,471,472,472,471,471,471,472,473,473,473,474,474,473,472,472,472,473,473,472,472,472,473,474,475,476,477,477,476,476,476,477,478,478,479,480,480,481,480,479,479,480,481,482,482,482,482,482,482,482,483,483,481,481,483,484,485,485,485,487,489,489,489,489,489,490,491,491,490,490,491,492,492,492,492,492,492,493,494,495,495,495,495,496,497,497,498,498,499,498,497,495,494,496,499,499,499,499,498,498,498,499,500,501,501,500,501,504,506,506,506,506,505,504,505,507,508,507,506,507,508,509,509,507,506,508,507,508,508,508,508,509,510,512,514,515,516,516,515,514,515,516,518,518,520,522,524,525,524,522,522,522,523,524,524,525,526,525,526,526,528,528,528,528,528,527,528,531,533,534,535,534,532,528,525,524
454,455,457,457,457,456,456,457,457,456,456,457,459,460,460,458,455,454,454,456,457,456,457,458,459,459,459,460,461,461,460,460,460,460,461,461,462,462,463,465,465,465,465,466,466,468,468,468,468,467,466,465,465,464,464,465,465,465,467,467,467,468,469,470,470,469,468,468,468,469,469,468,468,468,469,470,470,470,471,471,471,471,472,473,472,472,472,472,472,472,473,474,475,474,472,471,472,472,472,471,472,473,474,474,476,477,477,477,476,476,476,477,477,477,477,479,480,481,480,480,479,480,480,480,480,481,481,481,480,481,483,482,481,481,483,484,484,483,484,485,488,490,490,490,490,490,490,490,492,492,492,493,493,493,492,491,491,492,494,496,495,495,495,496,496,497,498,498,499,499,498,496,497,500,501,501,499,497,496,497,498,499,500,500,500,501,502,504,506,506,506,506,505,505,506,508,508,507,507,508,509,510,509,508,507,508,508,509,510,510,510,511,511,512,513,515,516,516,515,515,516,516,516,517,519,521,523,524,523,523,523,522,522,523,523,523,523,522,523,526,527,527,527,527,526,524,526,529,533,533,533,532,529,527,524,522
454,457,458,458,456,455,455,456,456,455,455,458,461,461,459,455,452,452,454,456,456,455,456,458,460,460,460,460,460,460,459,459,459,459,460,461,463,463,464,465,465,465,465,465,465,467,468,469,469,469,468,467,465,463,462,462,463,464,465,466,466,466,468,471,471,471,470,469,469,469,468,468,468,468,468,468,468,468,469,470,470,472,473,473,472,472,471,471,471,471,471,473,474,474,472,471,471,471,471,471,473,474,474,475,476,476,478,478,477,477,477,477,477,476,477,478,479,480,480,480,479,479,479,478,479,481,481,480,479,479,480,481,481,482,484,486,485,483,482,484,487,489,491,490,490,489,490,491,492,492,492,494,495,494,493,491,491,491,494,495,495,495,495,496,497,499,501,501,500,500,498,497,500,502,501,499,496,494,493,495,497,499,500,500,500,502,503,504,505,507,507,506,505,505,506,507,507,508,508,509,509,509,509,509,509,510,512,512,512,512,512,512,512,512,513,515,516,516,515,516,516,516,516,517,519,520,521,521,521,521,522,522,522,522,522,522,521,520,522,524,526,526,526,526,524,522,523,526,530,531,530,527,526,525,523,521
455,458,458,457,455,454,455,457,458,457,456,458,460,460,459,457,455,454,455,457,458,458,457,458,459,460,459,459,459,460,460,459,459,459,460,460,462,463,464,465,465,465,465,464,465,466,467,468,468,468,467,466,465,464,463,463,464,467,468,467,466,467,469,472,472,471,471,470,468,468,468,469,469,468,468,467,467,468,469,470,470,471,472,472,471,471,471,471,471,471,471,472,473,473,473,471,471,471,471,472,474,474,474,474,475,476,477,478,477,477,477,477,477,476,476,477,479,480,479,479,478,478,478,478,478,480,480,480,480,479,480,480,481,482,484,487,487,485,484,484,486,488,489,489,489,489,490,491,492,492,492,494,494,494,493,491,491,492,494,495,495,495,495,496,498,501,502,501,501,501,499,498,500,501,501,499,497,495,496,497,498,499,500,500,500,502,502,504,505,506,506,506,505,505,506,507,507,507,508,508,508,509,509,509,510,511,512,512,511,510,510,510,511,511,513,514,514,514,515,515,516,516,516,518,520,520,520,520,520,521,521,521,521,521,521,521,520,519,520,523,523,523,522,521,521,520,521,524,525,526,525,524,523,522,520,520
457,457,457,456,454,454,455,458,459,458,458,459,459,458,458,458,458,456,457,458,460,459,459,458,458,458,459,459,459,460,460,459,458,458,459,460,461,462,463,464,465,465,465,465,464,465,465,466,466,465,464,465,466,465,463,462,464,467,468,467,465,466,468,470,469,469,469,469,468,468,468,468,468,467,466,466,466,467,468,470,470,470,471,471,470,470,471,471,471,471,471,472,473,473,472,471,471,471,471,472,473,474,474,474,475,476,476,476,476,476,476,476,476,476,476,477,478,478,478,477,477,477,477,477,477,478,479,480,480,479,479,480,480,481,484,485,486,486,485,484,485,487,488,488,488,488,490,491,491,491,492,493,493,492,491,492,492,493,494,495,495,495,495,497,498,499,500,500,500,500,499,498,500,501,501,500,499,497,498,499,498,498,499,500,500,501,502,503,504,506,506,506,505,505,507,508,508,507,506,507,508,509,509,508,509,510,512,511,510,508,509,510,511,512,513,513,514,514,514,514,514,515,516,518,520,521,520,520,520,520,520,520,520,520,519,519,518,517,518,519,520,520,519,518,518,518,520,522,522,523,522,521,520,518,518,522
456,456,456,456,455,454,455,457,459,459,458,458,458,458,458,458,459,458,458,459,460,459,459,459,459,459,459,459,460,460,460,459,458,458,459,459,460,461,462,463,465,465,466,465,464,464,464,464,464,464,464,466,467,466,464,463,465,467,468,467,464,465,467,469,468,468,468,468,469,468,468,468,467,466,466,466,467,467,468,469,470,470,471,472,471,471,471,471,471,471,472,472,472,472,471,471,471,470,470,471,473,474,475,475,475,475,475,475,475,475,475,475,475,476,476,477,477,477,477,476,476,477,477,476,476,477,478,479,479,478,478,479,480,481,482,484,484,485,484,484,484,486,486,486,487,487,489,490,490,490,491,492,492,491,490,491,492,493,494,495,495,495,496,496,497,498,499,498,499,498,498,498,498,500,500,500,499,498,498,498,498,498,500,500,500,501,501,502,504,505,506,506,505,506,507,508,507,507,507,508,509,509,509,509,508,509,511,511,510,509,509,510,511,512,513,514,514,514,514,513,513,514,515,517,520,521,520,520,519,519,518,518,518,518,517,516,516,515,515,516,517,517,516,516,516,516,518,519,520,521,520,519,519,518,518,523
456,456,456,456,455,454,454,456,457,457,457,457,458,458,458,458,459,460,459,459,459,459,459,459,459,458,458,458,459,460,459,459,458,458,459,459,460,460,462,464,465,466,466,465,464,463,463,463,464,464,465,467,468,467,464,463,465,467,469,467,464,465,467,469,468,468,468,469,469,468,468,468,467,466,466,466,467,467,468,469,469,470,471,471,471,472,472,471,471,471,472,472,471,471,471,471,471,470,470,470,472,474,475,475,475,475,475,474,474,474,475,475,475,475,476,476,477,477,476,476,476,476,477,476,476,477,478,479,479,478,477,478,479,481,481,482,482,483,483,483,484,485,485,485,486,486,488,489,490,489,490,491,491,490,490,491,491,492,494,495,496,496,496,496,496,497,497,497,497,497,497,497,497,498,499,500,499,498,498,498,498,500,500,499,499,500,501,502,502,504,504,505,505,505,506,507,507,507,508,509,509,509,509,509,508,509,510,510,510,509,510,510,510,512,513,514,514,514,514,513,514,514,515,517,520,521,520,519,519,517,517,517,517,516,515,514,515,514,514,514,515,516,515,516,516,516,516,518,519,519,519,519,520,522,522,525
455,455,455,456,456,456,455,454,455,455,455,456,457,458,457,458,460,461,461,460,459,458,458,459,459,457,457,457,458,459,459,459,459,459,459,458,460,461,462,464,465,466,465,464,464,463,462,463,464,464,465,467,468,467,463,462,464,467,469,467,465,466,467,469,468,467,467,468,469,469,469,469,467,466,466,467,467,467,467,468,469,470,470,470,471,472,472,472,471,471,472,472,471,470,471,471,471,470,470,471,473,474,475,474,474,474,475,474,474,474,475,475,475,475,475,476,476,476,475,475,476,476,476,476,477,478,478,479,478,477,477,477,480,481,481,481,481,482,482,484,485,486,485,485,485,486,487,488,489,489,489,490,490,489,489,490,491,491,493,494,495,496,495,494,495,495,496,496,496,497,498,497,496,496,498,499,499,500,499,499,499,500,500,499,499,500,501,501,501,502,502,504,504,505,506,507,507,508,509,509,509,509,509,510,509,509,509,510,510,510,510,510,510,511,513,514,515,514,514,514,516,515,515,517,520,520,520,519,518,517,517,516,516,514,513,514,516,515,515,515,515,516,517,517,517,516,516,517,518,518,518,519,522,525,526,529
455,455,455,456,457,457,456,454,454,454,456,456,457,457,457,457,459,461,461,460,459,459,459,459,459,458,457,458,458,459,459,459,459,459,459,458,460,462,462,463,465,465,465,464,463,461,461,462,463,463,464,466,467,466,463,461,463,466,467,467,467,467,468,469,468,467,466,466,468,469,469,469,468,467,467,467,467,467,467,468,469,469,469,470,471,472,471,471,471,471,471,472,471,470,470,471,471,471,472,473,474,475,475,474,473,474,474,474,473,474,475,475,474,474,475,475,475,476,475,475,475,476,476,477,478,478,478,478,478,477,477,478,480,482,482,482,482,482,482,483,486,487,486,486,486,486,486,487,489,489,489,489,489,489,489,489,490,490,491,493,495,495,494,493,494,494,495,495,496,498,499,498,496,495,496,499,500,500,500,499,499,499,499,498,499,500,501,501,501,501,502,503,503,504,506,507,507,508,509,509,508,508,509,509,508,508,508,510,511,512,512,512,511,511,512,513,514,514,514,515,517,516,515,516,517,519,520,519,518,518,517,515,514,513,512,514,517,518,517,517,517,519,520,520,519,518,518,518,518,516,516,519,523,527,529,530
456,454,455,456,459,459,458,457,456,455,457,457,457,456,456,457,458,460,460,460,459,459,459,460,460,460,458,458,459,459,459,459,459,458,458,458,460,462,463,464,465,464,464,463,463,461,462,463,463,463,463,465,467,467,465,463,464,466,465,466,468,468,468,468,469,468,466,465,466,467,469,470,469,468,467,467,467,467,467,468,469,469,469,470,471,471,470,470,470,470,471,472,472,471,471,471,472,473,473,474,475,475,475,474,473,474,474,474,473,474,475,474,474,474,474,475,475,475,475,475,475,476,478,478,478,478,478,477,477,478,478,480,481,482,483,483,483,483,482,483,485,486,486,486,486,485,485,486,487,488,488,489,490,490,490,491,491,491,492,492,493,494,494,493,493,494,495,495,496,497,499,497,495,495,496,498,499,498,498,498,499,500,500,500,500,500,500,500,501,502,502,502,503,504,506,507,507,509,509,509,508,507,508,508,507,507,509,510,512,514,514,513,512,512,512,512,513,513,514,516,516,515,515,515,516,516,518,518,518,518,516,514,512,511,512,515,519,521,520,520,521,521,522,522,521,520,520,520,519,517,517,520,524,528,531,531
456,456,456,457,459,460,460,460,458,458,458,458,457,456,456,456,457,458,459,458,458,458,458,459,460,460,460,459,459,459,459,460,460,459,459,459,461,462,463,463,464,463,464,465,465,463,463,464,464,465,465,465,467,468,467,465,465,466,465,466,467,467,467,467,469,469,467,466,465,466,468,468,468,467,467,468,468,468,468,469,470,470,469,471,471,471,471,470,470,470,472,474,474,473,472,471,472,473,473,474,473,473,473,473,474,474,475,475,475,475,475,474,474,474,475,474,474,475,475,476,476,477,478,478,478,477,477,478,478,478,479,480,481,482,483,483,482,481,482,482,483,484,486,486,486,486,485,486,487,487,488,490,490,491,491,492,493,492,492,492,493,493,494,493,494,494,495,495,496,496,496,496,495,495,496,497,497,497,498,498,500,500,501,501,502,501,500,500,500,501,502,502,503,505,506,507,507,509,509,509,508,508,507,507,508,508,510,511,512,513,513,512,511,512,512,512,513,513,513,515,516,515,515,513,512,513,514,514,515,515,514,512,511,510,511,513,517,522,522,522,524,524,523,523,523,523,523,522,521,520,519,522,526,531,532,532
456,456,456,458,458,458,458,458,457,457,457,457,457,458,457,456,456,457,458,457,457,457,458,459,459,460,459,458,458,459,459,460,460,460,460,461,461,463,463,464,463,463,465,467,467,465,464,463,464,465,466,466,466,467,465,465,465,466,466,466,467,467,467,468,469,469,467,466,466,467,468,468,468,468,468,468,469,469,469,470,470,470,470,471,472,472,472,471,471,471,473,474,474,473,472,471,472,473,473,473,472,473,473,473,475,475,476,477,477,477,476,474,474,474,474,474,474,475,475,476,476,477,477,477,477,477,478,478,478,478,479,480,481,482,482,481,481,481,482,482,482,483,485,487,488,487,487,487,487,487,488,489,490,490,490,491,492,492,493,493,493,493,494,493,494,494,495,495,496,496,495,495,496,496,496,497,498,499,499,499,500,501,501,501,502,501,500,499,500,502,503,504,504,506,507,506,507,509,509,510,510,508,508,507,509,510,510,510,510,512,512,512,513,514,514,513,512,511,513,514,515,515,514,512,510,509,509,509,509,509,511,512,512,511,511,511,513,516,521,522,524,525,525,524,524,525,526,526,525,525,526,527,529,532,533,532
454,455,456,457,457,457,456,456,455,455,455,456,457,458,458,457,456,456,457,458,458,458,459,459,458,459,459,459,459,459,460,460,460,460,460,460,461,462,463,463,463,463,466,468,467,465,463,462,462,464,465,466,466,467,466,465,466,468,468,467,467,468,467,467,467,467,466,466,468,469,470,469,469,468,468,468,468,469,471,471,472,471,471,471,473,473,472,471,472,472,474,474,473,472,472,471,472,474,474,473,473,473,474,475,475,476,476,476,476,476,474,473,473,474,474,474,474,475,475,476,476,477,478,478,477,477,478,478,478,478,480,481,482,482,481,480,481,482,483,483,484,484,485,487,489,488,487,487,487,487,487,488,488,489,490,490,491,492,493,493,493,493,493,493,494,494,495,496,496,495,495,496,497,498,498,499,500,500,500,500,500,500,500,500,500,500,499,500,502,504,505,504,504,505,505,505,507,508,509,511,510,509,508,509,510,510,511,511,511,511,512,513,514,515,515,514,513,512,512,513,513,512,512,511,509,508,507,506,506,507,509,512,512,512,512,511,511,514,518,520,522,523,524,524,525,526,526,526,527,529,531,530,531,532,533,531
453,454,455,457,458,456,455,455,455,455,455,456,456,457,458,458,457,457,458,458,458,458,459,459,458,459,460,460,460,460,460,460,460,460,460,459,460,462,464,464,463,462,464,466,465,464,463,462,461,463,465,465,465,466,466,464,466,468,468,468,468,468,467,466,465,465,465,466,468,470,470,469,468,468,467,466,467,469,470,471,471,471,471,472,473,472,472,471,471,472,473,473,473,472,471,472,473,474,474,474,473,473,474,474,474,475,475,475,474,474,473,472,472,473,473,474,474,475,475,476,476,477,478,478,478,478,478,479,478,478,479,481,482,481,480,480,481,483,483,484,484,484,485,486,488,487,487,486,486,487,487,487,488,488,489,489,490,491,492,492,492,493,494,494,494,495,496,497,497,495,495,497,499,499,499,500,501,502,501,500,500,500,498,498,498,499,499,501,503,505,505,505,504,504,505,506,506,507,509,510,510,510,509,509,510,510,510,510,510,510,511,512,514,515,515,515,514,512,512,512,511,509,509,509,508,506,505,506,506,507,509,512,513,514,515,514,514,515,517,519,520,521,523,524,525,526,526,526,528,530,531,531,531,532,532,531
454,454,456,458,458,456,455,456,456,455,456,456,456,457,457,458,458,458,458,458,458,458,458,458,458,458,460,461,460,460,460,460,460,460,460,460,460,463,465,465,464,463,463,464,464,463,463,463,463,464,464,465,465,465,464,463,464,467,467,468,468,467,466,465,464,464,464,465,468,469,468,468,468,467,466,466,466,467,467,468,469,469,470,471,472,471,470,470,470,471,472,473,472,472,472,472,473,473,474,474,473,473,473,473,473,473,474,474,473,473,472,472,472,472,473,474,475,475,475,476,477,478,478,478,478,478,479,479,479,479,479,481,481,481,480,480,482,483,483,483,484,484,484,485,486,487,486,486,486,486,487,487,487,487,488,488,490,491,491,491,492,493,494,494,494,495,497,498,497,496,496,497,499,500,500,501,501,501,501,500,500,500,498,497,497,498,499,501,503,504,505,504,504,504,505,506,507,507,508,509,509,509,509,509,509,509,510,509,509,510,511,512,514,515,515,515,513,512,511,509,509,508,508,508,507,505,506,508,509,510,512,514,516,517,518,519,519,518,519,520,521,521,523,525,525,526,526,526,528,530,530,530,531,531,531,532
456,455,456,457,457,457,457,457,457,456,457,457,457,456,457,458,459,458,457,457,457,457,457,457,456,457,459,460,460,461,460,460,461,461,462,462,462,464,466,466,466,465,464,463,464,464,464,464,464,464,464,463,463,463,462,462,463,465,466,467,467,467,465,464,464,464,465,465,467,467,467,467,467,467,467,467,466,465,465,466,467,468,468,470,470,469,468,469,469,470,471,472,472,471,472,473,473,473,474,474,473,473,473,472,473,473,474,474,473,472,472,472,472,472,473,475,475,476,476,477,478,479,480,480,480,480,480,479,480,480,480,481,481,481,481,481,482,483,483,483,483,483,484,484,485,486,486,485,486,486,486,487,487,487,487,488,490,491,490,490,491,492,493,494,494,494,497,497,497,496,497,498,499,499,499,499,499,499,499,499,500,500,498,497,496,497,499,502,502,503,504,504,504,505,505,505,506,507,507,508,508,508,508,509,508,508,509,509,510,511,512,512,513,514,514,514,512,511,509,507,507,507,507,507,507,507,508,511,513,514,516,517,518,520,521,523,522,522,522,522,522,524,524,525,525,526,526,527,528,529,529,529,529,530,531,531
457,456,456,457,456,457,458,458,458,457,457,458,458,458,458,459,459,458,456,457,457,457,457,456,455,456,457,458,459,460,459,459,460,461,463,464,464,465,465,465,466,466,464,464,465,465,464,464,464,463,463,462,462,462,462,463,463,465,466,467,467,467,466,465,465,466,466,466,467,467,467,467,467,468,469,468,467,466,466,467,467,467,468,469,468,467,468,469,469,470,470,471,471,471,472,473,473,473,474,474,474,473,472,473,473,474,474,474,474,472,472,472,473,473,474,475,475,476,476,477,479,480,481,481,481,481,481,480,480,480,481,481,481,481,481,482,482,483,483,484,483,484,484,485,485,485,485,486,486,486,486,486,487,487,488,489,490,490,490,490,490,491,492,493,494,494,496,496,496,497,497,499,499,498,497,497,497,497,498,498,499,499,499,497,495,496,499,502,503,503,503,504,505,505,504,504,505,506,507,507,507,507,507,508,508,508,509,510,511,512,513,512,512,513,513,512,510,509,508,507,506,507,508,509,509,509,511,513,515,518,520,520,520,523,525,525,524,524,524,524,524,525,525,525,525,525,526,527,528,529,528,528,529,530,530,530
457,456,456,455,455,456,457,459,459,458,458,458,459,459,459,459,459,458,457,457,457,456,455,454,454,455,457,459,459,459,459,459,459,460,462,464,466,465,463,463,464,465,465,464,465,465,463,463,463,462,462,462,462,462,463,463,463,464,465,467,468,467,466,466,466,468,468,468,467,467,467,467,467,468,469,469,468,467,468,469,469,469,469,468,467,468,468,469,469,469,470,471,471,471,471,472,474,474,474,474,474,473,472,472,473,474,474,474,474,473,472,472,474,475,475,475,475,476,476,477,478,480,481,481,481,481,481,480,480,480,480,480,481,481,481,482,483,482,482,483,484,485,485,485,485,485,485,485,486,486,486,486,486,487,488,489,489,489,490,489,490,491,492,494,495,495,495,495,496,497,498,499,498,496,496,496,497,497,498,499,499,500,500,498,496,497,500,502,503,504,504,505,505,505,504,503,504,505,505,505,505,506,507,508,508,508,509,509,510,512,512,512,511,511,511,509,508,508,508,507,506,508,511,511,511,511,513,514,515,518,520,520,522,524,525,525,525,524,523,523,524,525,526,526,526,527,527,527,527,528,529,530,532,531,529,529
456,456,456,455,454,455,456,458,459,458,457,458,459,459,459,459,459,459,458,457,456,455,454,454,456,458,459,460,460,459,459,459,460,461,462,464,466,465,463,463,464,465,465,464,463,462,461,462,462,462,462,462,462,462,463,462,462,463,464,466,466,466,467,467,468,470,470,469,467,467,466,466,466,467,468,468,468,468,468,470,470,471,470,469,469,469,470,470,470,471,471,471,471,471,471,471,473,474,473,473,474,474,473,473,474,474,475,475,475,474,473,473,475,477,477,476,476,477,477,478,478,480,480,480,480,481,481,481,480,480,480,480,480,481,482,482,482,481,481,483,484,485,486,486,485,485,485,484,485,487,488,488,488,488,488,488,488,489,489,490,490,491,493,495,495,495,494,494,495,497,498,498,496,494,494,496,498,499,500,500,499,499,500,501,500,500,502,502,501,503,504,505,507,506,504,503,503,504,504,505,506,506,506,506,506,507,508,509,509,510,511,511,512,512,510,508,506,506,508,509,510,512,514,515,514,515,516,516,517,518,519,520,522,523,524,525,525,524,523,523,524,525,525,526,526,527,527,527,526,528,529,531,532,531,530,529
457,457,456,455,454,455,456,458,458,457,456,456,457,458,458,458,458,457,457,457,456,456,455,455,456,457,458,458,458,459,459,459,460,461,462,463,464,463,463,463,464,465,465,463,462,462,463,463,463,462,462,463,463,463,462,462,462,463,464,465,465,465,467,468,469,469,469,467,467,466,466,465,466,466,468,468,468,469,469,470,470,470,470,469,469,469,470,470,471,471,472,471,471,470,470,471,472,472,472,472,473,474,474,474,475,475,475,476,476,476,475,475,477,479,479,478,477,477,478,478,478,480,480,480,480,482,482,482,481,481,481,480,480,480,482,482,482,481,482,483,483,484,485,487,487,486,485,485,487,488,489,490,488,488,488,488,488,488,489,490,490,491,492,494,494,494,494,494,496,497,498,498,497,496,497,499,500,501,500,500,499,499,501,502,502,502,502,501,501,503,505,506,506,504,502,503,504,504,505,506,507,506,506,506,505,505,506,507,508,509,511,512,512,511,509,507,505,506,509,511,512,512,514,515,515,515,515,516,517,518,519,520,522,524,525,525,524,524,524,525,525,525,525,526,525,525,526,527,527,528,529,531,532,532,532,531
458,458,456,455,454,455,456,457,457,456,454,454,454,456,456,456,456,456,456,457,457,457,456,455,454,455,456,457,458,459,460,459,460,462,462,463,463,464,463,464,465,464,464,464,463,463,464,464,463,462,461,462,463,463,463,463,463,463,463,463,464,465,466,467,468,467,467,466,466,466,466,465,465,466,467,468,468,469,469,470,470,470,469,469,469,468,468,468,469,470,470,470,470,470,470,471,470,471,471,472,473,473,474,474,475,476,476,477,478,478,477,477,478,479,479,478,477,477,477,478,479,480,480,480,480,481,482,482,481,481,482,482,481,481,482,482,482,482,482,482,482,484,487,488,488,487,486,486,487,488,490,489,488,487,488,489,488,488,489,490,490,491,491,492,492,493,494,496,497,497,496,496,497,498,499,499,500,500,500,500,499,499,501,502,502,501,501,501,502,503,505,505,505,503,502,503,505,504,504,505,506,506,505,505,505,504,505,507,507,509,510,510,509,508,507,506,505,506,509,510,511,512,514,514,514,514,515,516,518,519,519,520,522,524,525,525,525,525,526,527,527,527,527,527,527,527,527,528,528,529,531,533,533,534,533,533
457,457,456,454,454,455,456,456,456,455,454,453,453,454,455,456,457,457,457,457,458,458,457,455,454,454,455,457,459,460,461,460,460,461,461,461,462,463,464,465,465,464,463,464,464,464,464,463,462,461,461,462,462,462,463,463,463,462,462,462,463,465,466,467,466,465,465,466,467,467,466,465,465,466,466,467,467,468,469,469,469,469,469,468,468,468,467,467,468,469,469,469,469,469,471,470,470,471,472,473,472,472,473,474,475,475,476,477,478,478,478,478,479,480,480,478,478,478,478,479,479,479,479,479,480,481,481,481,481,481,482,482,481,481,482,483,482,482,482,483,483,485,487,488,488,487,486,486,486,487,487,487,487,487,488,489,489,489,489,490,491,491,491,491,492,493,495,497,498,497,495,496,497,498,498,498,499,499,500,498,497,497,499,500,500,500,501,501,502,503,504,504,503,503,503,504,505,504,504,506,506,505,504,504,504,504,506,508,508,508,508,507,506,506,506,504,504,507,510,511,511,513,514,514,514,514,515,517,518,520,520,521,522,523,525,525,526,526,527,529,529,529,529,528,528,529,528,529,529,530,532,533,533,533,533,533
456,457,455,454,454,455,455,455,455,455,454,453,453,454,455,457,457,457,457,458,458,459,459,458,456,456,456,458,459,461,461,461,460,460,460,460,461,462,464,465,464,463,463,464,464,464,464,462,461,460,461,462,462,462,462,463,463,462,462,463,464,466,467,467,466,464,465,466,468,467,466,465,466,466,466,467,467,467,467,467,468,468,468,468,468,468,467,467,467,468,468,468,468,469,471,470,470,471,472,472,470,470,471,472,472,472,473,475,476,477,477,478,479,480,480,479,479,479,479,479,479,479,479,480,480,481,481,480,480,480,481,481,480,481,482,482,482,482,482,483,485,485,486,486,487,486,486,485,485,485,485,485,485,486,487,488,489,489,489,490,491,491,491,491,492,494,496,497,498,497,496,496,497,498,497,497,499,499,499,497,494,494,497,498,498,500,501,501,501,503,503,503,503,504,504,505,505,505,505,506,506,504,502,502,504,504,506,507,507,506,504,504,504,505,505,504,504,507,510,512,513,514,514,514,514,514,516,517,518,518,519,520,521,522,524,526,527,527,527,529,529,529,528,528,528,529,529,529,529,530,531,532,532,532,531,531
456,456,455,454,454,455,455,454,455,455,456,455,454,455,456,458,457,457,457,457,457,459,460,459,458,457,458,458,460,461,461,460,459,459,459,459,459,461,462,463,463,463,463,463,464,464,463,461,460,460,461,462,462,462,462,463,463,463,463,463,464,466,467,467,466,465,465,467,468,467,465,465,466,467,467,467,467,466,465,465,466,467,468,468,468,468,468,467,467,468,468,468,468,470,471,471,471,472,472,471,469,469,471,471,469,469,471,472,473,474,477,478,478,479,480,479,479,480,480,480,480,479,479,480,480,480,480,479,478,479,479,479,478,479,481,482,481,482,483,484,485,485,485,485,485,484,485,484,484,484,484,485,485,486,486,488,489,489,488,489,490,491,491,491,492,494,496,496,497,497,498,498,498,498,497,497,498,499,499,496,494,494,496,497,497,499,501,502,502,503,503,503,504,505,505,505,505,505,505,505,504,502,501,501,502,503,504,505,505,503,501,501,503,505,505,505,505,507,510,513,515,515,514,514,514,514,514,515,516,516,517,518,520,521,523,526,527,526,526,527,527,527,526,525,525,526,527,528,527,528,529,530,530,530,530,530
456,455,455,455,455,455,455,455,456,457,457,456,455,455,457,458,457,457,457,457,457,458,459,459,459,458,458,458,459,460,460,460,459,458,459,459,459,460,461,462,462,462,462,463,464,464,463,462,460,460,461,462,462,461,462,463,464,464,463,463,464,465,466,467,467,466,465,467,467,465,464,464,465,466,466,466,466,466,465,464,465,466,467,468,468,468,468,468,468,468,469,469,469,470,471,472,472,473,473,470,469,470,472,471,469,468,470,470,471,473,476,478,479,479,479,479,479,479,480,480,480,479,479,480,480,479,479,478,477,478,478,478,477,478,480,481,480,482,483,484,485,485,484,484,484,483,484,484,484,484,485,486,487,487,487,487,488,488,488,488,490,491,491,491,492,494,495,496,496,497,499,499,498,497,497,497,498,499,499,498,495,495,496,496,496,498,500,501,502,503,504,504,504,505,505,505,505,504,504,504,502,501,501,501,501,502,503,503,503,502,500,499,502,505,506,506,507,508,510,513,515,514,514,513,513,512,512,513,513,514,516,518,520,520,523,526,526,525,524,523,523,523,522,520,520,522,526,527,526,526,527,529,530,529,529,529
455,455,456,457,456,456,455,456,457,458,458,456,456,456,457,457,457,457,457,456,456,457,458,457,458,457,458,458,459,459,460,460,460,460,461,461,461,460,461,461,462,462,461,462,464,465,464,463,461,461,460,461,461,460,462,464,465,465,464,463,463,463,465,466,466,465,466,467,466,464,462,463,464,465,465,465,466,466,465,464,464,466,466,467,467,468,468,468,468,469,469,469,469,470,471,473,474,473,473,470,470,471,473,472,470,469,469,468,470,472,477,478,479,479,478,477,478,479,480,480,480,479,479,480,480,479,479,478,478,478,479,478,478,478,479,480,481,482,484,485,485,486,484,484,484,484,485,485,485,485,486,488,489,488,487,487,487,487,487,488,489,490,490,491,492,494,496,497,496,496,497,499,498,497,496,496,498,499,499,499,498,497,498,497,497,497,498,498,500,502,503,503,503,503,504,504,504,504,503,503,501,500,499,499,500,501,503,502,503,503,502,501,503,506,508,508,509,509,511,511,512,512,512,514,513,511,510,511,513,514,516,519,520,521,523,524,524,523,522,521,520,520,519,519,519,521,525,526,526,525,526,529,529,529,528,528
455,455,457,457,457,455,454,454,456,457,457,457,457,457,456,457,457,456,456,455,456,456,456,457,457,458,457,457,458,459,460,462,462,462,462,462,461,460,461,463,464,463,462,463,465,466,465,464,463,462,462,461,460,461,462,465,466,466,465,464,463,463,464,465,465,464,466,466,465,464,463,463,465,466,465,465,466,467,466,465,465,466,467,467,468,469,468,468,468,468,468,469,470,471,472,473,474,474,474,473,473,473,473,471,470,470,469,468,469,473,476,477,478,478,478,477,477,479,480,480,480,480,480,480,478,478,478,479,479,479,479,479,478,478,478,480,481,483,484,485,486,485,484,484,483,483,485,486,487,487,487,488,488,487,486,485,484,485,486,488,489,490,490,491,492,495,497,498,496,494,495,497,499,498,497,498,499,499,498,498,498,497,497,496,497,496,496,496,499,501,502,503,503,503,503,503,503,504,504,503,500,499,498,499,499,500,502,502,503,503,504,505,506,508,510,511,511,511,511,511,511,512,512,512,512,510,509,511,514,515,516,518,520,523,523,524,523,522,521,520,521,520,519,519,521,522,524,525,526,526,527,528,528,528,528,529
455,456,457,457,456,456,455,454,455,456,457,457,457,457,457,458,457,456,455,456,456,456,456,457,459,460,459,458,458,460,461,461,461,462,462,462,461,460,461,463,464,463,463,464,466,465,464,464,464,464,463,462,461,461,462,464,464,464,465,465,464,463,464,464,464,465,467,467,465,465,464,465,465,464,464,465,467,468,467,466,467,467,467,468,470,470,469,468,469,469,469,469,471,472,473,474,474,474,475,476,475,474,472,471,471,471,470,469,470,472,474,476,478,478,478,478,477,479,480,481,481,481,482,480,479,477,478,480,480,480,479,479,478,477,478,479,480,482,483,484,485,485,484,484,483,482,483,484,486,487,487,488,489,489,487,485,483,484,486,488,489,491,490,491,492,495,497,498,496,494,493,495,497,498,498,498,497,497,497,497,497,495,494,495,497,497,497,498,499,501,503,504,504,503,503,503,503,504,504,503,500,499,498,499,500,500,502,503,504,505,506,508,509,509,510,510,510,510,511,512,512,513,513,511,510,509,509,512,515,517,517,519,520,522,522,522,522,521,521,522,523,522,522,522,522,521,523,524,525,525,526,528,528,528,529,529
456,457,457,457,457,458,457,456,456,457,456,456,456,457,457,458,457,456,456,457,457,458,457,457,459,461,460,459,459,461,461,461,461,462,463,462,460,461,462,463,464,462,464,465,466,465,464,463,464,464,464,463,462,461,462,462,462,463,463,464,464,462,463,464,464,466,467,467,466,465,466,466,465,464,464,466,468,470,469,468,468,468,469,470,471,470,469,468,469,469,469,470,472,473,474,475,474,474,474,474,474,473,473,471,471,471,471,471,471,472,474,476,477,478,479,479,478,479,479,480,481,482,483,482,481,479,479,479,479,479,479,479,479,478,478,479,481,482,483,484,485,485,485,485,484,483,483,484,486,487,488,489,490,489,487,485,484,484,486,487,490,490,490,490,491,493,496,497,496,495,494,495,496,497,497,496,496,496,497,496,495,494,493,494,496,496,497,498,500,502,503,504,503,502,502,502,502,503,503,503,500,499,498,498,500,501,502,504,505,507,508,509,510,510,511,511,509,509,510,512,512,512,512,512,512,510,509,511,514,517,518,517,518,520,520,520,521,521,521,522,523,523,523,523,522,522,523,523,523,524,526,527,527,528,529,529
456,457,457,457,457,458,458,457,457,457,456,455,456,456,456,456,456,456,456,457,458,459,458,458,458,460,461,460,459,459,460,461,461,462,463,463,462,462,464,464,464,463,464,464,464,463,463,462,463,464,464,463,460,460,461,461,462,463,463,465,464,463,463,464,465,466,467,466,465,466,466,467,466,466,467,468,469,470,470,470,469,468,469,470,471,470,469,469,470,469,469,470,472,473,474,475,475,474,473,472,472,472,472,472,471,471,472,471,471,472,475,476,476,478,478,478,478,478,478,478,479,481,482,483,481,480,479,479,478,477,478,478,479,478,478,479,481,483,483,484,485,485,485,485,484,483,483,484,487,488,489,489,489,489,487,486,486,485,486,488,489,490,490,490,490,492,495,496,496,495,494,494,496,496,496,495,495,495,496,495,494,494,494,495,495,495,496,498,499,501,502,503,502,501,501,500,501,501,502,502,499,498,497,497,499,501,503,504,507,508,509,510,510,510,511,511,510,508,509,511,512,513,513,513,514,513,511,511,514,516,516,516,516,518,519,519,520,520,521,522,522,522,522,523,523,523,522,522,522,524,526,526,527,529,530,530
456,456,456,456,456,457,457,457,457,456,455,455,456,456,455,455,455,456,456,457,458,460,460,459,459,459,461,460,458,458,459,460,461,461,463,463,464,464,464,464,465,464,463,462,462,462,462,462,462,463,463,461,459,459,460,461,462,463,464,465,465,463,463,463,465,466,466,466,466,467,467,467,468,469,470,470,469,470,470,470,468,467,468,469,469,469,470,470,470,469,469,470,471,473,474,475,475,474,473,472,471,472,472,472,472,471,471,470,471,472,475,477,477,477,477,477,477,477,477,477,479,480,481,481,480,480,479,478,477,476,477,477,478,477,478,479,481,483,483,483,484,484,484,484,483,483,484,485,487,488,487,488,488,488,488,487,487,486,486,488,489,489,489,490,490,491,493,494,495,495,495,495,495,495,495,493,494,494,495,494,493,493,494,494,494,494,495,497,499,500,501,502,501,502,501,500,500,500,500,499,498,497,496,496,498,500,502,505,507,509,509,509,508,508,510,510,509,507,508,510,512,513,513,514,515,515,512,512,514,515,515,514,515,516,517,518,519,519,519,520,520,520,522,523,524,524,523,523,523,525,526,527,528,530,531,531
455,456,456,456,456,455,455,456,456,455,455,456,457,457,455,455,456,456,456,457,458,459,460,459,458,459,460,460,458,458,459,460,461,460,461,463,464,465,464,465,465,464,462,461,461,461,461,462,462,462,462,460,459,459,459,460,462,463,464,465,465,464,463,463,464,465,466,466,467,467,467,467,468,471,471,470,469,469,469,469,467,467,467,468,469,469,469,469,470,470,469,470,471,472,474,475,474,473,473,473,472,472,472,472,472,471,470,470,471,472,475,477,477,476,476,476,476,476,477,477,479,480,479,479,479,478,479,478,476,475,476,477,477,477,477,479,481,483,483,482,482,482,482,483,483,483,484,485,486,486,485,486,487,487,487,487,487,486,486,488,489,489,489,489,489,490,491,493,494,494,494,494,494,493,493,492,492,492,493,493,492,492,493,494,493,494,495,498,499,499,499,500,501,502,503,502,500,499,498,497,497,497,497,497,498,501,503,506,508,509,509,507,506,506,508,510,509,508,509,510,512,513,513,514,515,515,513,512,513,514,513,514,515,516,516,517,518,518,518,518,519,521,522,523,525,525,525,525,526,527,528,529,530,531,532,532
455,456,456,456,455,454,454,455,455,455,455,457,458,457,456,456,457,457,457,457,457,457,457,458,457,458,459,459,459,459,460,460,460,459,460,461,463,463,464,464,464,463,461,460,460,462,462,462,461,461,461,461,461,461,461,461,463,463,464,466,466,464,462,462,464,465,467,467,468,466,466,465,467,469,470,469,468,470,470,468,467,466,468,469,469,469,468,468,469,470,470,470,471,472,473,474,473,474,474,474,472,471,472,473,473,472,471,470,471,471,475,476,476,475,475,475,475,475,476,477,478,479,478,478,478,477,478,478,477,476,476,477,477,477,477,478,480,482,482,481,481,481,481,482,482,483,484,485,485,484,483,483,485,486,487,487,486,486,486,487,489,489,488,488,488,489,490,491,492,493,493,492,492,492,491,490,490,491,492,491,491,491,492,493,493,493,496,498,498,498,498,499,501,503,504,503,501,498,497,496,498,499,499,500,500,502,505,507,509,509,508,507,506,507,509,510,510,510,511,511,512,512,512,514,515,514,513,513,513,512,513,514,515,515,516,516,516,517,517,518,520,522,523,524,525,526,527,527,528,528,529,530,530,531,532,532
455,456,456,456,454,453,454,455,455,455,455,456,456,456,455,456,457,457,457,456,456,455,455,457,457,457,458,460,461,460,459,458,458,458,459,460,461,461,462,462,462,462,460,459,460,462,461,461,460,460,462,463,464,464,463,464,465,464,464,465,466,465,464,464,465,465,467,467,467,466,464,464,465,466,467,467,469,470,470,468,466,467,468,469,469,469,468,468,469,470,470,470,470,472,473,474,473,474,475,474,472,471,472,474,475,474,473,472,471,471,474,476,476,474,474,474,474,474,475,476,478,478,478,478,478,477,478,479,478,477,478,478,478,477,477,478,479,480,481,480,480,481,481,482,483,483,483,484,484,483,482,483,485,486,487,487,487,487,487,487,488,488,489,489,490,490,491,491,491,491,491,491,490,490,489,488,489,490,490,491,490,489,490,491,492,493,495,497,497,497,498,499,501,502,503,503,501,499,497,497,499,501,501,502,503,504,505,506,507,508,508,508,508,509,511,511,511,512,512,512,512,512,512,513,514,513,513,514,513,513,512,513,514,514,514,515,516,517,517,518,519,521,523,524,524,525,526,527,527,528,528,529,529,530,531,532
455,455,456,455,454,453,454,456,456,456,456,455,455,454,455,457,458,457,457,457,457,456,457,458,459,458,459,461,461,460,459,459,459,459,460,461,460,460,461,461,462,461,460,460,460,461,461,460,459,460,462,465,464,465,465,465,465,463,464,465,466,466,466,466,466,466,466,466,466,465,465,465,465,465,467,468,469,470,470,469,468,468,468,469,470,469,468,468,469,469,469,469,470,472,474,474,473,473,473,474,472,472,473,474,475,475,474,474,473,474,476,477,476,474,473,473,473,473,473,475,477,478,478,478,478,477,477,477,477,477,478,478,478,478,477,478,479,479,480,480,481,481,482,483,483,482,482,482,483,484,484,484,485,486,487,488,488,488,487,487,488,489,489,489,490,491,491,491,491,491,491,491,489,488,488,487,489,491,492,491,490,488,488,489,490,491,492,493,494,495,496,498,499,500,501,501,501,500,498,499,500,501,503,504,504,505,504,505,506,508,509,509,510,510,511,510,509,510,510,509,510,510,511,511,511,511,512,514,514,513,512,511,511,511,511,513,514,515,517,516,517,519,520,521,523,523,523,524,525,526,527,527,528,529,530,532
454,454,455,454,454,454,454,455,456,456,456,456,455,456,457,458,460,458,457,457,456,456,459,460,461,460,460,461,460,460,460,460,461,461,462,462,461,461,462,462,462,461,460,460,461,461,461,461,461,461,463,464,464,465,466,465,464,463,463,464,466,466,466,468,468,467,465,465,464,465,466,467,466,465,467,468,468,468,469,469,469,468,467,469,470,469,468,467,468,468,468,468,468,470,471,472,472,472,472,473,472,473,473,473,474,474,474,475,475,476,477,477,476,474,473,473,473,471,472,474,477,477,477,476,477,477,477,477,477,477,477,477,478,478,477,477,478,478,480,481,481,482,482,484,484,484,483,484,485,485,486,486,486,487,488,488,488,488,488,487,488,488,488,487,488,489,489,490,490,490,490,489,488,488,487,488,490,492,493,493,491,489,489,491,491,491,491,492,493,493,493,494,496,497,498,499,499,498,497,496,498,501,502,505,506,506,505,507,508,509,510,510,510,511,510,509,507,506,506,505,505,507,509,509,509,509,511,512,512,511,511,510,509,510,511,513,514,515,515,515,515,516,517,519,520,522,522,523,524,525,526,527,527,527,528,530
453,452,453,454,454,455,455,455,455,455,456,457,457,458,459,459,459,457,456,455,455,455,458,460,461,460,459,459,459,460,461,461,461,462,463,462,462,463,463,462,461,460,460,460,461,461,462,463,462,462,463,464,464,464,464,463,463,463,462,464,465,466,467,468,468,466,465,464,463,464,466,468,467,467,468,469,469,469,469,469,468,468,468,469,470,469,468,467,468,468,468,468,469,469,470,472,472,473,473,474,474,474,473,473,474,474,474,475,476,476,477,477,475,473,472,473,473,473,473,475,476,477,476,475,476,477,478,478,478,477,477,477,477,478,477,478,478,478,479,480,481,482,483,484,485,485,484,484,485,485,486,486,486,486,487,487,487,488,488,487,487,487,486,486,486,487,487,487,488,488,488,488,488,488,489,490,491,493,495,494,492,491,492,494,494,493,493,493,494,494,493,492,493,494,496,496,496,495,495,494,496,498,501,504,505,505,506,507,507,507,508,508,509,510,510,509,507,506,505,505,505,507,508,509,509,508,508,509,510,510,511,510,510,511,513,514,515,515,514,514,514,514,516,517,519,521,521,522,523,525,526,527,527,526,526,527
454,453,453,453,455,456,457,457,456,455,456,457,457,458,458,458,456,455,454,453,454,455,458,460,461,460,458,458,458,459,460,461,462,462,463,462,462,463,463,462,461,460,459,460,461,461,462,463,463,462,463,463,463,463,463,462,462,462,462,464,465,467,468,468,468,466,465,465,464,464,467,468,468,468,469,469,470,469,468,469,469,469,469,469,469,469,468,467,468,468,469,469,470,470,471,471,472,473,473,474,475,475,474,473,473,474,475,476,476,476,476,476,475,474,473,473,473,473,474,475,476,476,475,475,476,478,478,478,477,477,477,477,477,477,478,478,479,479,479,480,481,482,483,484,485,485,484,484,484,485,485,486,486,487,487,488,488,487,487,488,488,487,486,486,487,488,486,486,486,488,489,489,489,491,492,493,493,494,496,496,494,493,494,495,495,494,494,495,495,495,494,492,491,492,494,494,494,494,495,494,496,498,501,504,504,504,505,506,506,505,505,505,507,509,509,509,507,506,506,507,508,509,510,510,510,509,509,509,510,511,512,512,512,513,515,515,516,516,516,516,516,515,514,515,518,519,520,521,523,525,527,527,527,526,525,525
455,455,453,453,454,456,457,458,458,456,457,458,457,457,457,456,456,454,453,453,454,456,457,459,460,459,458,456,457,458,460,461,461,461,462,461,462,462,463,462,462,461,460,461,461,462,463,463,462,462,462,462,463,463,462,460,460,462,463,465,465,467,467,467,466,466,467,467,466,467,469,470,470,469,469,469,470,469,468,469,470,471,470,468,468,469,468,467,467,468,469,470,471,472,472,472,472,472,473,474,475,475,474,474,474,474,475,476,476,476,476,476,476,474,473,473,473,473,473,475,476,476,475,475,476,477,477,477,476,477,478,477,477,477,478,478,479,479,479,480,482,482,483,484,485,486,485,485,485,485,485,486,486,487,488,488,488,486,487,487,487,486,486,487,488,488,488,487,486,488,490,492,493,495,496,495,495,495,497,498,497,496,495,495,494,494,495,496,498,497,495,492,491,492,492,493,494,495,495,496,498,499,501,503,503,503,504,506,505,505,504,504,507,508,508,508,506,506,507,508,509,510,512,513,513,511,511,511,511,512,514,514,514,516,517,517,517,518,519,519,518,516,514,515,516,518,519,520,523,524,525,526,526,525,525,524
456,455,454,453,453,455,457,458,458,457,458,458,458,457,456,456,456,455,454,454,455,456,457,458,458,458,457,457,458,459,460,460,461,461,461,461,461,462,463,463,463,462,461,461,461,461,462,462,462,461,461,462,462,463,462,460,460,462,464,465,465,466,467,466,465,466,467,468,468,469,471,471,470,469,468,468,469,468,468,469,471,472,471,468,468,470,469,468,467,468,470,471,472,472,473,473,472,472,472,473,474,475,474,474,474,475,475,476,476,475,475,476,476,475,474,473,473,473,473,473,475,475,475,474,475,476,477,477,477,478,478,478,477,477,478,479,479,479,480,481,482,483,484,485,486,486,486,485,485,485,485,486,487,488,488,487,486,485,485,486,486,486,486,487,489,489,489,488,487,488,492,495,497,498,497,495,495,496,498,499,499,498,497,495,494,494,496,498,499,498,496,494,492,493,493,495,496,496,497,498,500,500,502,503,504,504,504,506,506,506,506,506,507,507,506,506,506,506,507,508,509,511,513,515,515,513,513,513,512,513,514,515,516,517,518,517,518,519,520,521,520,517,515,514,515,516,517,519,521,522,523,524,524,525,524,523
456,455,454,454,453,455,457,458,458,458,458,458,459,457,456,457,457,457,456,456,457,457,457,457,457,457,457,458,459,460,460,460,460,460,461,461,461,463,463,463,463,462,462,461,460,460,460,461,461,461,461,461,463,464,463,461,461,462,464,464,464,465,467,467,466,467,468,469,470,471,471,470,469,469,468,468,468,468,468,470,472,473,471,470,470,471,470,469,468,470,470,471,472,473,474,473,472,471,472,473,473,474,474,475,475,476,476,476,476,475,476,477,477,476,475,474,474,474,473,472,474,475,475,474,475,476,476,477,478,479,479,478,477,477,478,478,478,478,479,481,482,483,483,485,486,487,486,485,486,486,486,487,488,488,488,487,484,483,483,483,485,485,485,486,488,489,490,489,488,489,494,497,498,498,496,494,494,496,498,500,500,499,498,496,494,495,497,499,499,498,496,496,495,495,496,498,499,499,498,500,502,502,503,504,505,505,506,506,507,508,507,507,507,506,505,505,506,507,508,509,510,512,514,515,515,515,514,514,513,514,515,516,516,517,517,516,517,519,519,519,519,517,515,514,514,514,515,517,519,520,521,521,522,523,523,522
455,455,456,455,455,456,457,457,458,458,458,458,457,457,457,457,458,457,456,456,456,456,456,456,456,457,457,458,459,460,460,460,459,459,460,460,461,463,463,462,462,463,463,461,460,459,459,460,460,460,459,460,463,465,464,463,462,462,464,463,462,464,467,468,468,468,469,470,471,471,470,469,468,468,467,467,467,468,468,470,471,472,471,471,472,471,471,469,470,471,471,471,472,473,474,472,471,471,472,473,473,473,474,475,476,475,475,475,476,476,476,476,476,475,474,474,475,475,474,473,474,475,476,476,476,476,476,477,478,479,480,479,478,478,479,479,478,478,479,480,481,481,482,484,486,486,484,484,485,486,487,488,488,488,489,488,485,482,482,483,484,484,484,485,486,489,490,490,489,491,495,497,498,497,495,494,495,497,498,499,499,499,499,497,496,497,498,499,499,497,497,497,498,498,499,500,501,501,500,501,502,503,504,505,506,506,506,506,507,507,506,506,506,506,505,505,507,509,511,511,512,513,514,514,514,514,514,514,514,515,516,517,516,516,516,517,518,518,517,516,517,516,515,515,515,515,514,516,518,519,519,520,521,521,521,521
455,457,457,456,457,458,458,457,456,456,456,456,456,457,457,458,457,457,455,453,454,454,455,455,456,457,457,458,459,459,460,460,460,459,459,459,460,461,461,461,461,461,461,461,461,461,460,460,460,459,460,461,464,464,464,463,463,462,463,462,462,463,465,464,464,465,468,471,471,470,469,468,467,467,467,466,466,466,468,469,469,470,470,471,472,472,470,470,471,471,471,472,473,473,473,472,471,473,473,473,473,473,473,473,475,474,474,475,476,476,476,476,475,473,473,474,475,476,475,474,474,476,477,477,476,476,476,477,477,478,479,480,480,481,482,483,482,481,480,479,479,480,482,482,483,484,483,482,483,484,485,486,486,488,489,488,486,483,483,484,485,485,485,485,486,487,489,490,490,491,494,496,497,495,493,494,497,499,499,499,499,499,499,498,498,498,498,498,498,498,498,499,500,501,501,501,502,501,501,503,504,503,504,505,506,507,507,506,507,507,505,504,505,506,507,507,508,512,513,515,515,514,514,513,513,513,514,515,515,516,517,517,517,517,517,517,519,519,516,515,516,517,518,518,518,518,517,517,519,520,520,521,521,521,521,522
455,455,455,455,456,458,458,457,456,455,454,455,457,457,458,458,458,456,453,452,453,454,455,455,456,456,457,457,458,458,459,461,461,460,459,459,460,460,459,458,459,460,460,461,462,463,462,461,460,459,460,462,463,463,463,463,463,463,463,463,463,463,462,462,463,464,466,468,468,469,470,469,468,467,467,467,466,465,467,469,470,470,471,472,473,471,470,469,470,470,471,472,472,471,471,471,472,473,473,472,474,474,474,474,475,475,475,475,475,475,475,475,474,473,473,474,475,475,474,473,474,475,476,477,477,476,476,476,475,475,476,478,479,480,482,482,482,482,480,479,478,480,482,483,483,483,482,481,481,483,485,486,486,486,487,486,484,483,483,484,485,486,487,487,487,488,489,490,490,492,493,495,495,494,493,494,497,499,500,500,499,498,497,496,497,498,497,497,497,499,499,500,502,503,503,503,502,501,501,503,504,504,503,504,505,506,507,507,508,508,506,505,506,508,509,510,512,514,515,516,516,515,515,514,513,514,515,516,516,517,518,518,519,519,518,517,519,519,518,517,518,519,519,518,518,518,519,519,520,522,523,523,522,523,525,526
453,453,453,454,456,457,458,457,456,455,454,455,456,457,458,458,457,454,452,452,453,455,456,456,456,457,458,458,458,459,459,461,461,460,460,461,461,460,457,457,458,459,460,460,462,463,463,462,460,459,460,461,463,463,462,463,464,464,464,464,464,463,463,463,464,465,466,466,468,469,470,469,467,466,467,467,466,465,467,468,470,471,471,471,471,469,468,468,469,470,471,471,471,471,470,471,472,473,472,472,474,475,475,475,476,475,475,475,475,474,474,475,475,474,474,474,474,474,473,473,474,475,476,477,477,476,476,476,475,475,476,476,478,478,478,479,479,479,479,479,480,481,483,484,483,481,479,479,482,483,484,485,485,484,484,484,483,483,482,483,485,486,487,488,489,490,490,491,491,492,493,494,495,494,494,495,498,499,499,499,499,497,496,496,497,498,497,497,498,499,500,500,502,503,504,504,503,502,502,502,503,503,502,502,504,504,505,506,507,508,506,506,507,509,510,511,512,513,515,515,515,515,515,515,515,515,516,517,517,518,519,520,520,519,518,517,518,518,519,519,519,520,519,518,518,518,519,520,521,523,524,524,524,524,525,527
453,452,452,453,455,456,457,456,456,455,455,456,456,456,457,457,456,454,453,454,455,456,457,457,457,457,458,459,460,460,460,461,461,461,461,462,462,460,458,457,458,460,461,461,461,463,463,462,460,460,460,462,462,462,462,463,464,464,464,465,464,464,464,464,464,465,466,467,469,470,469,467,466,466,467,467,466,466,467,468,469,469,470,470,469,468,467,468,469,471,471,471,471,470,470,471,472,472,472,472,474,475,475,476,476,475,474,475,475,474,475,475,475,474,474,474,474,473,473,473,474,475,476,477,476,475,475,476,477,477,477,477,478,477,477,477,477,477,478,479,480,481,482,482,480,478,477,478,481,483,483,484,483,483,483,483,483,483,483,484,485,485,487,489,490,491,491,491,491,491,493,494,495,495,496,497,499,499,498,498,498,497,496,495,496,496,496,496,498,498,499,500,501,502,502,503,503,502,503,503,503,502,502,503,504,504,503,504,506,507,506,507,508,509,509,510,511,512,513,515,515,515,515,515,516,516,517,517,517,518,520,521,520,518,517,518,518,518,519,519,520,520,520,520,519,519,519,520,522,522,523,524,524,524,524,526
452,453,453,453,453,454,455,456,456,455,455,456,456,455,455,455,455,456,456,456,456,457,458,457,457,457,458,459,460,460,461,461,461,461,461,462,462,460,459,459,461,462,462,462,462,463,463,462,461,461,461,463,462,462,462,463,464,464,463,464,464,464,464,463,464,465,465,466,469,469,467,466,466,467,467,467,467,467,468,467,466,467,468,469,469,468,468,469,471,472,472,471,471,470,470,470,471,471,471,472,473,474,475,476,476,475,475,475,475,475,475,475,475,474,474,473,473,473,474,474,475,475,476,476,476,475,476,477,478,479,479,479,479,478,477,477,477,478,478,478,479,479,479,479,478,477,477,479,481,482,483,483,483,482,483,484,484,484,484,485,485,486,486,489,491,492,492,492,491,491,492,493,495,495,497,498,499,498,497,498,498,497,496,495,495,496,496,496,497,497,498,499,500,501,500,500,501,502,504,504,503,502,502,503,504,505,504,504,505,506,507,508,509,510,510,510,511,512,512,514,515,515,514,515,516,516,517,517,518,519,520,520,519,517,517,518,518,518,519,518,519,519,521,521,520,519,520,522,523,523,523,524,524,524,524,525
452,454,454,453,453,454,455,456,456,454,455,456,456,455,455,455,455,457,458,457,457,457,458,458,457,457,457,458,459,460,460,461,461,461,461,461,461,461,460,461,464,464,464,463,462,463,462,461,461,461,461,463,462,462,462,463,464,463,463,463,464,464,463,463,464,464,464,465,468,469,467,466,466,467,467,467,467,468,468,467,465,466,468,469,470,470,469,470,472,473,473,471,470,470,469,471,471,471,471,472,473,474,475,476,476,475,475,475,475,475,475,475,474,474,473,473,473,474,475,475,475,476,477,476,476,476,477,479,480,480,479,479,480,480,478,477,478,478,479,478,478,477,478,477,477,477,478,480,482,482,483,483,482,483,484,484,485,485,485,486,486,486,487,489,491,492,493,493,492,491,492,493,495,497,498,498,498,497,496,497,498,497,496,495,495,496,496,496,496,497,498,499,500,500,499,499,500,502,504,504,502,501,501,503,504,505,505,504,505,507,508,509,510,510,510,510,511,511,512,514,515,514,514,514,515,515,516,517,518,519,520,520,518,517,517,518,518,518,519,518,518,519,521,521,520,519,520,523,524,524,523,522,523,522,523,524
452,455,455,454,454,454,455,456,455,453,454,456,457,456,455,454,455,457,457,457,457,456,457,458,458,457,457,457,457,459,460,461,461,460,460,460,461,461,461,462,464,465,465,464,463,462,462,461,461,461,461,462,461,461,462,463,463,462,462,462,463,464,463,463,464,463,463,465,469,469,468,467,467,467,467,467,468,469,469,467,466,466,468,470,471,471,469,469,471,474,473,471,470,469,470,471,472,471,472,473,475,475,475,475,475,475,475,475,475,475,474,474,474,473,473,473,473,474,475,476,476,476,478,477,477,478,479,480,480,479,478,479,480,480,479,478,478,479,479,478,477,477,477,477,477,477,478,479,481,482,482,482,482,483,484,484,484,485,485,487,487,487,487,488,490,493,494,493,492,491,492,493,496,498,498,497,497,497,497,498,499,498,496,495,496,496,496,496,496,497,498,499,500,500,499,499,499,501,502,503,502,501,501,502,503,505,505,505,506,508,509,510,510,511,510,510,511,511,512,513,514,513,513,513,513,514,515,516,517,518,519,519,518,517,517,518,519,519,519,519,519,519,520,520,519,518,519,522,524,524,522,521,521,521,522,523
453,456,456,455,454,455,455,456,455,453,454,456,459,458,456,455,455,455,455,455,455,455,456,457,458,458,457,457,457,458,459,460,459,459,458,460,462,463,462,462,462,463,464,463,462,462,461,462,461,460,460,460,461,461,462,463,462,461,460,462,464,463,462,463,464,465,464,466,469,469,468,468,468,468,468,469,468,469,469,468,467,467,469,470,471,470,469,469,470,473,472,471,470,470,471,472,472,472,472,473,475,475,474,474,474,474,474,474,474,473,473,473,474,474,474,474,473,474,475,476,476,476,477,477,477,478,479,480,479,478,478,480,481,480,478,478,478,478,477,477,478,478,479,478,477,477,478,479,480,481,481,481,481,482,483,483,483,483,485,486,487,488,488,488,490,493,494,492,492,491,491,493,496,499,499,498,498,498,498,499,500,499,497,496,496,496,495,495,496,497,498,499,499,499,498,498,498,500,502,503,502,502,500,501,502,503,505,506,508,509,511,511,511,511,510,510,511,512,512,513,514,513,512,511,511,512,513,514,516,517,517,517,518,517,517,519,519,519,520,521,521,519,519,519,518,518,518,519,522,523,523,522,522,522,523,523
456,458,456,455,454,455,455,456,456,455,455,456,458,457,457,455,454,452,452,454,455,455,456,457,458,457,457,458,458,458,458,459,459,459,459,461,462,463,462,461,460,460,461,460,459,460,461,462,462,460,460,460,460,460,461,461,462,460,461,463,464,463,463,464,466,467,467,467,468,468,468,468,468,469,469,469,468,468,468,469,469,469,469,470,470,469,469,469,470,471,472,472,472,472,473,473,472,472,472,473,474,474,474,474,474,473,473,472,472,473,473,473,474,475,476,475,474,474,475,476,476,475,475,476,477,478,478,478,477,477,478,480,481,480,480,480,479,478,477,478,478,479,480,480,479,478,479,478,479,480,480,480,480,481,481,482,483,483,484,486,487,487,487,488,491,493,492,492,491,491,491,493,496,498,498,498,498,498,499,500,502,501,499,497,496,495,495,496,497,498,498,499,498,496,496,497,499,501,503,503,503,502,501,501,502,504,506,508,508,510,511,511,511,510,510,511,511,512,513,513,513,514,513,511,510,511,511,513,515,516,517,517,518,518,519,520,520,520,520,521,522,521,519,518,518,517,517,518,521,524,524,524,523,523,523,524
456,457,455,455,456,457,456,455,455,455,455,455,456,457,456,455,455,454,454,455,456,456,456,457,457,457,457,458,458,459,459,459,459,459,460,461,461,460,460,459,459,459,459,459,458,459,460,461,461,461,461,461,461,460,461,461,461,460,461,462,462,462,464,466,468,468,467,467,467,468,468,468,468,468,467,467,466,466,467,468,469,469,470,470,470,470,470,470,471,472,473,472,473,473,473,473,472,472,472,471,472,473,473,474,474,474,473,472,472,473,474,475,475,475,475,475,474,475,475,476,476,474,474,476,477,478,478,477,477,477,479,480,480,480,481,481,481,480,479,479,480,480,480,480,481,480,481,482,482,482,482,481,481,481,482,483,484,484,485,485,485,485,485,486,489,491,491,491,491,490,491,493,495,497,497,497,498,498,498,500,502,503,500,497,496,495,496,497,499,498,498,498,498,496,496,497,500,502,503,502,501,501,502,502,503,504,507,508,508,508,509,510,510,511,511,510,509,510,512,512,512,513,513,512,511,510,510,512,514,516,517,517,517,519,520,520,520,520,520,521,522,522,520,519,518,518,518,519,521,523,523,523,523,522,522,523
454,454,455,457,459,458,455,454,455,455,454,454,455,455,455,455,456,456,456,456,456,455,455,456,457,457,457,458,458,459,459,458,459,459,460,460,461,460,460,460,459,458,458,458,458,459,460,460,460,461,461,461,461,459,459,460,461,460,460,461,462,463,464,466,467,468,467,466,466,467,467,467,467,467,466,466,465,465,466,467,467,468,468,469,469,470,470,470,471,471,472,472,471,472,472,472,472,472,471,470,470,471,473,474,474,475,474,473,472,474,475,476,475,474,473,473,473,473,474,474,474,474,474,476,478,479,478,477,478,479,480,480,480,480,481,481,481,481,481,481,480,480,479,480,482,483,483,483,484,483,482,482,481,481,482,483,484,485,485,485,484,484,484,486,489,491,491,491,492,492,492,493,495,496,496,496,498,498,498,499,501,502,501,497,496,496,497,498,498,498,497,497,498,498,498,500,501,502,502,500,500,501,502,503,503,505,507,509,509,508,508,508,509,511,512,510,508,508,510,510,512,512,512,513,512,511,511,513,515,517,517,517,518,520,521,520,519,519,520,521,521,521,520,519,518,519,520,521,521,521,521,521,521,521,522,523
453,452,454,458,460,459,455,455,456,455,454,454,454,455,455,455,456,457,457,456,456,456,456,456,457,458,458,458,458,458,458,458,458,458,459,459,460,460,461,460,460,458,459,459,460,460,460,460,460,461,461,460,460,459,459,461,461,461,460,461,463,463,463,463,465,466,466,465,465,466,466,466,467,467,466,465,465,465,466,466,466,467,467,468,469,469,470,471,471,471,471,471,471,472,472,472,472,472,471,471,471,472,474,474,474,474,473,473,473,473,474,474,472,472,472,472,473,473,473,473,473,472,474,476,478,479,478,477,479,481,481,481,481,480,480,480,481,481,481,481,480,479,479,480,483,483,483,484,485,483,482,482,482,482,482,483,483,485,486,485,484,483,484,486,488,490,492,492,492,493,494,494,495,496,496,496,497,498,498,499,500,502,501,498,496,496,496,497,497,496,496,497,498,499,500,501,502,502,501,501,501,502,502,504,505,506,507,508,509,508,507,506,508,510,511,510,508,508,509,510,511,511,511,512,513,512,512,513,516,518,518,518,518,521,521,519,518,519,520,521,520,519,517,516,516,519,521,521,521,520,520,520,519,520,522,522
453,452,454,457,459,457,456,455,456,455,454,454,454,455,455,456,457,458,458,457,456,456,456,456,456,457,458,458,458,458,458,458,458,458,459,459,460,460,461,461,459,459,460,461,460,460,459,460,460,461,461,461,461,460,460,462,462,462,461,462,462,461,461,461,463,464,464,464,464,465,465,467,468,467,466,466,466,466,466,465,466,466,467,468,469,470,470,471,471,471,471,470,470,471,472,472,472,472,472,473,474,475,475,474,473,473,472,472,472,472,472,472,471,472,472,473,473,474,475,474,473,473,474,476,478,478,478,477,479,480,481,481,480,479,479,479,481,481,481,482,480,480,480,481,483,483,483,484,484,483,482,482,483,482,482,483,483,485,486,485,484,484,485,486,488,490,492,492,492,494,496,496,496,496,496,497,498,498,499,499,500,502,501,498,497,496,495,495,495,496,496,497,499,500,502,502,502,501,501,502,503,503,504,505,507,507,506,507,508,508,508,507,508,509,510,509,508,508,508,509,509,510,510,511,513,513,512,513,516,519,519,519,519,520,520,519,519,520,521,521,519,516,514,513,514,516,519,519,519,519,518,517,518,519,520,520
454,453,454,455,456,456,456,456,456,454,454,454,454,454,454,455,456,458,458,456,456,456,456,456,456,457,458,459,459,459,458,458,458,458,459,460,460,461,461,461,459,459,461,461,461,459,459,459,460,461,461,461,462,461,461,462,462,462,462,462,462,461,461,460,462,463,463,463,464,465,467,468,468,467,466,466,466,466,466,466,466,467,468,470,470,470,470,470,471,471,470,470,470,470,471,472,472,472,473,474,476,477,476,474,472,472,472,473,473,473,473,472,473,473,473,474,475,476,476,475,474,473,474,477,478,478,477,476,478,479,480,481,479,478,477,478,480,481,482,482,481,480,481,482,483,483,483,484,484,482,482,483,483,482,482,483,484,485,486,485,485,486,486,486,487,489,491,492,492,495,496,496,496,496,496,497,498,499,499,499,499,500,500,498,497,495,495,495,495,495,496,497,499,502,504,503,502,501,501,502,504,505,505,505,506,506,505,505,506,508,508,507,507,507,508,507,507,508,508,508,508,509,509,511,513,513,513,514,515,518,518,519,519,518,519,519,518,520,521,521,518,514,512,511,512,514,516,517,517,516,515,515,516,517,517,517
455,454,455,455,455,455,455,457,456,454,454,453,453,454,453,453,455,456,456,455,455,457,456,456,456,457,459,460,460,459,459,459,458,458,459,460,461,461,461,460,459,460,461,461,461,460,460,460,461,461,462,462,461,461,461,461,461,461,461,462,462,462,462,462,462,462,463,464,464,466,468,470,469,468,467,466,465,466,466,467,467,468,470,471,471,471,470,470,470,470,470,470,470,469,470,471,473,473,474,474,475,476,475,474,473,472,472,473,473,474,474,474,475,475,475,475,476,477,477,475,474,474,475,477,477,477,476,475,477,479,480,481,479,478,477,478,479,480,482,482,481,481,481,482,482,483,483,483,483,482,482,482,482,482,482,483,484,485,485,485,486,487,487,487,487,489,491,492,493,495,496,496,496,496,497,497,498,500,499,499,499,499,498,497,496,495,495,496,495,495,495,496,499,502,504,503,501,500,500,502,505,505,504,504,505,504,504,504,505,506,507,506,505,504,505,505,506,508,508,507,507,508,509,510,511,512,512,513,514,515,517,518,518,517,517,517,518,519,521,521,518,514,513,513,512,513,513,514,514,514,514,513,514,515,515,515
456,455,455,455,454,454,454,456,457,456,454,452,453,454,454,452,453,455,454,454,455,456,457,457,458,458,459,460,459,458,458,458,459,459,460,460,461,461,461,460,460,460,461,461,461,461,461,461,462,461,461,461,460,459,460,461,460,460,461,462,462,463,464,463,463,463,464,464,465,466,468,469,470,468,467,466,466,466,467,468,469,469,470,470,471,471,470,469,469,469,469,470,470,469,470,472,475,476,475,473,473,473,473,473,473,472,472,472,473,474,476,476,475,475,475,474,476,477,477,475,474,474,475,475,475,474,475,476,477,479,481,481,479,478,477,477,478,480,482,482,482,482,481,482,482,483,482,482,481,481,482,482,483,483,483,483,483,484,484,485,487,488,488,486,486,488,491,493,494,495,495,496,497,498,498,497,498,499,500,500,498,497,496,496,495,494,494,495,495,495,495,496,498,501,503,502,501,500,501,503,505,505,504,503,503,504,504,504,504,504,503,503,504,503,504,505,506,506,507,506,507,508,509,509,510,511,510,509,510,513,517,517,517,517,516,517,517,519,520,520,517,514,514,514,513,512,511,511,512,513,513,513,513,514,514,513
456,455,453,452,451,453,454,456,457,457,454,452,454,456,455,453,453,453,454,454,454,455,456,457,458,458,458,458,458,457,457,458,459,459,459,460,461,461,461,461,461,460,460,460,460,462,463,463,463,463,463,461,459,459,460,462,461,460,461,462,463,464,465,465,464,465,465,464,464,465,466,467,468,467,467,467,467,467,467,468,469,468,468,469,469,470,470,470,469,468,468,470,470,470,471,473,476,477,475,473,471,471,472,473,474,473,472,472,473,474,475,475,475,475,474,474,474,475,475,474,474,473,473,473,473,473,474,476,478,478,480,480,480,479,478,478,479,481,483,483,483,484,483,483,484,484,482,481,481,482,482,483,484,484,484,484,483,483,484,486,487,488,487,485,485,487,491,492,492,492,494,496,498,499,498,497,498,498,499,499,498,497,496,495,494,494,494,494,493,494,495,496,498,501,502,501,500,500,502,504,505,505,503,503,504,505,504,502,501,500,499,501,502,503,504,505,506,505,504,506,507,508,507,507,508,508,507,507,509,514,518,518,518,517,516,517,518,518,518,516,515,513,513,512,510,508,507,507,509,511,511,512,512,511,512,513
456,454,452,451,451,454,455,457,457,456,454,454,456,457,456,453,453,454,454,453,453,454,456,457,458,458,457,458,458,457,457,457,457,458,458,460,461,461,462,461,461,462,462,462,462,464,464,464,463,463,462,462,461,461,462,463,462,462,463,464,465,466,466,466,466,466,465,465,465,465,465,466,467,467,467,467,467,467,467,467,468,468,468,469,469,470,470,470,470,469,468,469,469,470,471,473,475,475,474,473,471,471,471,473,475,474,474,474,474,474,475,475,474,474,474,474,473,472,471,472,473,473,473,473,474,474,476,477,477,478,478,479,479,479,479,479,480,482,482,482,483,484,484,483,485,486,485,484,484,483,483,484,485,485,485,484,483,484,485,487,488,488,487,485,486,487,489,490,490,491,493,496,498,498,497,497,498,498,497,498,498,497,496,496,495,495,495,494,492,493,494,496,499,501,500,499,498,499,501,502,502,502,501,501,503,504,502,500,499,499,499,500,501,502,503,505,506,504,503,504,506,506,505,505,505,505,505,506,508,513,516,517,517,516,515,517,517,517,516,515,513,512,510,508,506,506,507,508,509,510,511,512,512,511,512,511
454,453,454,454,455,457,458,457,456,455,455,455,456,456,455,453,453,453,453,454,454,456,456,457,458,457,457,458,458,459,458,458,457,458,459,460,461,461,460,461,463,464,464,464,464,463,463,462,461,461,461,462,463,463,464,464,464,465,466,466,466,465,464,464,465,466,467,467,466,465,465,465,466,465,465,466,466,467,467,468,468,468,468,469,470,470,470,470,470,470,469,469,468,469,471,472,472,473,472,471,471,470,470,472,474,475,476,476,475,475,474,474,474,473,472,472,472,471,470,472,474,475,474,474,474,475,477,477,477,478,478,478,479,480,479,479,480,481,481,480,482,483,483,483,484,486,486,486,485,484,484,484,485,486,485,485,484,484,485,486,487,487,487,487,487,488,489,490,490,491,493,495,495,496,497,498,498,497,497,498,498,498,497,498,497,497,496,495,493,493,493,495,496,499,499,498,498,499,500,501,501,500,499,499,500,500,499,498,499,499,500,501,501,500,501,503,504,503,501,501,503,503,503,503,503,503,504,506,509,512,514,515,513,512,513,514,515,515,513,511,510,509,508,507,506,508,511,513,513,512,513,514,513,513,513,512
453,453,454,455,455,456,457,457,455,454,455,455,455,454,454,453,453,453,453,454,455,456,456,456,457,457,457,458,458,458,458,458,458,458,459,461,461,460,459,460,461,463,462,462,462,462,461,461,460,461,462,463,463,464,466,465,465,465,467,467,465,463,463,463,464,466,467,467,466,465,465,465,465,464,464,465,465,466,467,468,467,467,468,470,471,471,470,470,469,469,470,469,469,470,471,471,471,471,471,470,470,471,471,472,473,475,477,478,478,477,475,474,473,472,471,472,472,471,470,471,474,475,475,475,475,476,477,477,477,477,477,478,479,480,480,479,480,480,480,481,481,483,483,483,483,485,485,485,485,484,484,485,486,486,487,486,485,484,484,485,485,487,489,489,488,489,490,491,491,492,493,493,494,494,496,497,497,497,497,499,499,498,498,499,499,499,497,495,494,493,492,493,495,497,497,498,499,500,501,501,501,500,498,498,498,498,497,497,499,500,499,500,500,500,501,501,502,501,499,498,500,501,501,501,501,501,503,505,508,510,510,510,509,508,510,511,512,513,511,509,508,508,510,511,511,513,516,517,517,517,517,517,517,516,515,516
453,453,455,455,454,454,455,455,455,455,456,455,454,454,455,455,454,454,454,455,455,455,455,456,457,457,457,457,458,458,458,458,458,459,460,461,461,460,459,459,459,460,458,458,460,460,460,459,460,462,463,462,463,464,466,466,465,466,466,466,464,462,461,461,462,465,467,468,466,466,465,465,464,464,464,464,466,467,467,468,467,467,468,469,471,472,471,470,469,469,470,470,470,470,471,471,470,470,470,470,470,471,471,471,473,475,478,479,479,478,477,475,473,473,473,472,472,471,470,472,474,475,475,475,475,476,476,477,477,477,477,478,479,480,480,479,480,480,480,481,481,482,483,483,483,483,484,484,484,484,485,485,486,487,488,487,485,483,483,483,484,487,489,490,490,489,490,491,491,492,493,493,493,494,495,495,496,497,497,498,498,498,499,499,499,499,497,496,494,492,491,491,494,496,496,497,500,501,501,502,501,500,498,497,497,497,497,497,499,499,499,499,500,501,501,500,500,499,499,498,499,500,501,501,500,500,502,505,507,507,506,506,506,506,507,508,509,510,508,506,507,509,513,516,517,519,520,520,520,521,520,520,519,518,519,522
453,453,455,454,453,453,454,454,455,456,456,455,454,454,456,456,456,456,455,455,455,455,455,455,457,457,457,457,458,458,458,458,459,459,460,460,460,460,459,458,458,458,457,456,457,459,459,458,459,461,463,461,462,463,464,464,464,465,465,465,463,462,461,460,460,463,466,468,467,467,466,465,464,465,465,465,466,467,467,468,467,467,467,469,470,471,471,470,469,469,470,470,470,470,471,470,470,470,470,471,471,473,472,471,472,474,476,478,478,478,477,475,474,474,474,473,472,471,471,473,474,475,474,474,474,475,475,477,478,477,478,479,479,480,479,479,480,480,480,480,481,482,483,484,483,483,483,483,484,484,485,485,486,487,488,487,486,484,483,482,483,486,489,490,490,489,490,490,490,491,493,493,494,494,494,494,495,496,496,497,497,497,498,498,498,497,497,495,493,491,490,491,493,494,494,497,500,501,501,502,501,500,498,496,496,496,497,499,500,500,499,499,501,502,501,499,499,499,500,500,501,501,502,502,501,501,503,505,506,505,504,503,503,505,506,507,507,508,506,505,506,511,516,520,521,522,522,521,521,522,522,522,522,522,523,526
455,454,455,455,454,454,453,454,455,456,456,455,453,454,456,457,457,457,456,455,454,454,454,455,456,456,457,457,458,459,458,459,459,459,459,459,459,459,459,458,458,459,457,456,457,459,458,457,459,460,462,461,461,462,461,461,463,463,463,463,463,462,461,460,460,463,465,467,468,468,466,465,466,467,467,467,466,467,467,467,468,468,467,468,468,469,470,470,469,469,469,470,471,470,471,470,470,470,471,472,473,474,473,472,472,474,475,475,475,475,476,475,474,474,473,473,473,473,472,473,474,474,473,472,472,474,475,476,477,478,479,480,480,479,479,479,479,480,480,479,480,481,483,484,484,483,483,483,484,484,485,485,486,487,488,487,486,485,484,483,483,485,487,489,489,488,489,489,489,491,493,494,495,494,494,495,496,495,495,494,495,496,496,495,495,495,495,494,492,490,489,491,493,494,494,497,499,500,501,501,501,500,498,496,495,495,497,500,502,502,502,501,502,502,501,498,499,501,504,504,504,503,503,503,503,504,506,507,507,506,505,503,503,507,509,509,508,506,506,505,507,513,519,521,522,522,522,521,522,523,522,523,524,526,528,530
456,455,455,456,455,454,454,454,455,456,456,454,452,452,455,456,458,457,456,455,454,454,454,454,455,455,455,456,458,458,459,459,459,459,459,459,459,459,458,459,459,460,458,457,458,458,458,458,459,461,462,462,462,461,459,459,461,462,462,462,463,462,461,461,462,463,465,466,467,467,466,466,467,468,468,468,467,467,467,467,468,468,467,466,466,467,468,469,469,469,469,470,470,471,470,469,469,470,471,472,473,474,472,471,471,473,474,473,473,474,475,475,475,474,472,472,473,474,473,473,474,473,472,471,472,474,475,476,477,478,479,479,479,479,478,478,478,479,479,478,479,481,482,484,484,483,483,483,484,484,485,486,486,486,486,487,486,486,485,484,483,483,484,486,487,487,487,488,489,491,493,494,495,495,495,495,495,495,493,493,494,495,494,492,492,493,494,494,492,491,489,490,492,494,496,498,499,499,499,500,500,499,496,495,494,494,496,500,504,506,506,505,504,504,502,500,501,505,509,509,507,504,504,504,505,509,510,510,510,510,509,506,507,511,513,513,509,507,506,507,510,515,520,521,521,521,522,522,522,522,523,524,526,528,529,530
456,456,456,456,456,455,454,453,454,456,456,454,452,452,454,456,456,456,456,455,454,453,452,452,453,454,454,455,457,458,459,459,459,459,459,459,459,458,458,458,459,460,459,458,457,458,458,458,459,461,462,463,463,461,459,460,461,462,463,463,463,463,462,463,463,464,464,465,466,466,466,466,467,468,468,468,468,467,466,466,467,468,467,466,466,467,468,470,469,469,469,470,470,471,470,469,468,469,470,471,471,471,470,470,471,472,472,473,474,474,475,475,476,474,472,472,473,473,472,472,473,474,473,472,472,474,476,476,476,476,477,477,477,478,478,477,478,478,479,479,479,479,481,482,484,484,482,482,483,484,485,486,485,484,485,486,486,486,486,484,484,484,484,486,488,488,489,489,490,491,492,494,495,495,494,494,494,494,494,494,493,494,492,490,489,490,492,492,492,490,488,489,491,495,497,499,498,498,498,498,498,496,494,493,493,493,496,500,504,506,507,507,506,505,504,504,506,510,512,512,509,507,506,506,509,511,513,512,513,513,512,510,511,513,515,513,511,508,508,510,514,518,520,521,521,522,523,523,524,524,524,526,527,528,529,529
456,456,457,457,456,455,454,454,455,455,455,454,454,454,455,456,456,457,457,455,454,453,453,452,453,454,454,455,457,459,459,460,460,459,459,459,459,459,459,459,459,459,458,458,457,459,460,460,460,462,462,462,462,462,462,462,462,463,464,464,463,462,462,463,464,464,464,465,466,466,465,466,466,466,468,468,468,467,466,465,466,466,467,467,467,468,468,469,469,469,469,469,470,470,469,468,467,468,468,468,469,470,471,471,471,471,472,473,474,474,474,474,474,474,472,472,472,471,472,472,474,474,474,473,472,474,476,477,476,476,476,476,476,477,477,477,477,478,480,480,480,480,481,482,484,484,482,483,483,484,485,486,485,484,485,485,486,487,487,485,485,486,487,488,490,491,491,491,492,493,493,494,494,494,493,493,492,492,493,494,492,491,488,487,486,487,488,489,489,487,487,488,491,494,495,496,496,497,497,495,494,493,491,491,492,493,494,499,505,507,508,509,509,509,507,507,509,511,512,511,510,509,508,510,512,513,512,513,514,514,513,512,512,514,516,516,514,512,513,515,517,520,522,522,522,523,524,524,524,524,524,524,526,527,528,529
456,456,457,457,456,455,455,455,456,455,455,455,455,456,457,457,457,456,456,455,455,455,455,454,454,455,455,456,457,458,459,460,460,459,459,460,460,460,461,461,461,460,459,458,458,460,461,461,461,461,461,461,461,462,463,463,463,463,464,464,464,462,463,463,463,463,464,465,465,465,465,465,465,465,467,468,468,467,466,465,466,467,467,467,467,468,469,469,468,468,468,468,469,469,469,468,468,468,469,469,469,470,471,471,471,471,472,474,475,474,474,474,474,473,472,471,472,472,472,472,473,474,474,473,473,474,476,476,475,475,475,476,476,476,476,477,478,478,480,480,481,481,481,482,483,483,483,484,485,485,486,485,485,485,485,485,486,487,485,484,485,487,488,489,490,492,492,491,491,492,493,493,493,492,490,490,490,489,489,491,491,489,488,488,488,488,488,487,487,487,487,488,491,494,496,495,494,495,495,493,491,490,489,489,492,493,496,500,506,507,509,510,512,512,511,510,511,511,512,510,509,508,508,509,510,510,510,511,513,514,513,513,513,515,517,518,516,514,514,517,519,521,521,522,523,524,524,524,524,524,524,524,525,526,528,529
456,456,457,456,455,454,455,455,455,455,455,455,455,455,456,456,456,455,454,454,454,455,455,456,455,456,456,457,457,458,459,460,460,459,459,460,460,460,461,462,462,461,460,459,459,461,461,462,461,460,460,460,460,461,463,463,463,462,463,463,463,464,464,464,463,463,463,464,464,464,464,464,464,464,465,467,468,467,466,466,467,468,468,468,468,468,470,470,470,468,468,468,469,469,468,468,468,469,470,470,470,471,471,471,470,471,472,474,474,474,474,475,474,474,473,472,473,473,472,472,473,474,475,474,475,475,476,475,474,475,475,475,475,475,475,476,477,478,479,479,480,480,480,481,482,482,482,484,485,485,485,485,485,485,485,484,485,485,483,482,484,488,488,488,489,490,491,490,489,489,490,490,490,488,487,489,490,490,489,490,490,489,488,489,490,489,488,488,488,489,490,491,493,495,496,495,493,493,493,491,490,490,489,490,492,494,497,500,504,506,508,509,511,512,512,512,512,511,510,510,508,506,506,507,508,509,509,509,511,512,513,513,514,515,518,519,519,518,518,519,520,521,522,522,523,523,523,523,524,524,524,524,525,527,527,529
456,456,456,455,454,454,454,454,454,455,456,456,455,455,454,455,455,454,453,453,454,455,456,456,457,457,456,457,457,458,459,460,459,458,459,459,460,460,461,462,462,461,460,459,459,460,460,461,461,460,459,459,459,461,463,463,462,462,462,463,464,464,465,464,463,462,462,462,462,463,464,464,464,464,465,467,468,467,466,466,467,469,469,469,468,468,470,471,471,469,469,469,470,469,468,468,469,470,471,472,472,472,472,471,471,471,472,473,473,474,474,474,474,473,473,474,474,474,473,473,473,474,475,475,475,476,476,475,475,475,475,476,476,476,476,476,477,478,478,478,478,478,479,480,480,481,482,484,485,484,484,485,486,485,484,484,485,485,483,483,485,488,487,486,487,488,489,489,488,487,488,488,488,487,486,487,490,491,490,490,489,488,488,490,491,490,488,488,489,491,493,494,495,496,496,494,492,491,492,493,493,492,491,492,493,494,496,499,502,504,507,508,509,510,511,512,511,511,510,509,508,506,506,506,507,508,509,508,509,511,513,513,514,515,518,520,522,522,522,521,521,521,521,521,522,522,523,523,524,524,524,524,525,526,527,528
456,456,455,454,454,454,454,454,454,456,457,457,456,455,453,454,454,455,454,453,454,455,456,457,457,457,456,456,456,457,459,460,459,458,458,459,460,460,461,462,462,461,459,459,459,459,460,461,461,460,460,460,460,460,462,463,462,462,462,463,464,464,465,464,463,462,461,461,462,463,464,464,464,465,465,466,467,467,466,466,467,469,470,469,468,468,469,471,471,470,470,470,470,469,468,468,469,469,470,471,472,472,472,472,472,472,472,472,473,474,474,473,472,472,473,474,474,474,474,473,473,474,475,475,475,476,476,475,475,476,477,477,477,477,477,477,476,476,477,478,478,478,479,480,480,480,482,484,484,484,484,485,486,485,484,484,485,485,484,484,486,487,486,484,484,486,487,488,487,486,487,487,488,487,486,486,488,490,489,489,489,488,488,491,492,491,489,489,491,493,496,497,497,497,496,493,491,490,492,496,497,496,495,495,496,496,497,500,502,504,506,507,508,508,509,511,511,511,511,510,510,508,507,507,508,509,510,509,508,510,512,513,513,515,518,521,523,525,524,522,521,521,520,520,520,521,523,523,524,524,524,524,525,526,526,527
455,455,454,454,454,454,455,455,455,456,457,458,458,456,454,454,455,456,455,454,454,456,457,457,457,457,456,455,455,457,458,459,459,458,458,459,461,461,462,462,462,461,459,459,459,459,460,462,461,461,461,461,460,460,460,462,463,463,463,463,463,463,464,465,464,462,461,461,462,464,464,464,465,465,465,465,465,466,466,466,467,468,468,468,468,468,469,470,470,470,471,471,471,470,469,469,469,469,469,470,472,472,473,473,473,473,473,473,474,473,473,472,471,471,473,475,476,475,475,474,474,475,475,475,475,475,476,476,476,477,478,478,477,478,478,477,475,475,476,477,478,478,479,480,479,479,481,483,484,484,483,484,485,484,483,483,485,485,484,485,486,487,485,483,483,484,486,487,486,486,486,486,486,485,484,484,486,487,487,487,487,489,491,494,495,495,492,492,493,496,497,498,499,498,496,493,490,490,494,499,500,499,499,499,500,500,501,503,504,504,505,507,507,507,509,511,512,512,512,512,511,511,510,510,510,511,513,511,510,510,512,512,512,514,517,520,523,526,526,524,521,521,519,518,518,520,522,522,523,523,523,523,524,526,526,526
454,454,454,454,454,455,456,456,456,456,457,459,459,457,456,455,456,456,456,455,455,456,456,456,457,457,457,456,455,456,457,458,459,459,459,460,461,461,461,461,462,462,460,459,459,460,462,463,463,462,463,462,461,460,460,462,463,464,463,463,463,462,463,463,463,462,462,463,463,464,465,466,465,465,465,465,465,466,466,466,466,467,467,467,468,468,469,469,470,470,470,471,470,470,470,471,471,470,470,471,472,472,473,473,473,473,473,473,474,473,472,472,471,472,473,476,477,476,475,474,474,475,475,474,474,474,476,477,477,478,479,478,477,477,477,475,474,475,476,477,478,479,479,479,478,479,480,482,484,482,481,481,482,483,482,483,484,484,483,484,486,486,484,483,483,484,485,486,486,486,485,485,484,482,483,483,484,484,484,485,486,490,494,497,498,497,495,494,496,497,498,499,500,499,497,494,493,494,497,500,502,502,502,502,504,504,504,505,506,505,506,507,507,509,511,512,512,513,514,513,512,512,512,511,512,514,515,514,512,511,512,512,513,515,518,520,522,525,526,524,522,520,519,517,517,519,521,522,522,521,522,522,524,526,527,527
454,454,454,454,454,455,456,457,457,457,457,458,457,456,456,456,457,457,457,457,457,456,456,456,456,457,457,456,456,456,457,457,459,460,460,461,462,462,461,462,463,463,461,459,460,462,463,463,462,462,462,462,462,461,461,462,462,462,463,463,463,463,462,461,461,461,462,463,463,464,465,466,466,466,466,466,466,466,466,465,466,467,466,467,468,469,469,469,469,468,469,470,470,470,471,472,473,472,472,472,472,472,472,472,471,472,472,473,473,472,472,472,473,474,475,476,476,476,475,474,473,474,473,473,473,474,475,476,477,479,480,480,478,477,476,474,473,476,478,478,478,480,480,479,479,479,480,481,482,481,479,479,480,481,481,483,483,483,482,484,484,484,483,482,483,484,486,486,487,487,486,485,483,481,480,481,482,482,483,484,487,492,497,497,497,498,497,497,498,499,499,500,500,499,498,498,499,500,501,503,502,502,503,503,506,507,507,507,506,505,506,507,508,509,511,511,512,513,514,514,514,513,512,512,513,514,515,514,513,513,513,514,515,516,519,521,521,523,524,524,522,521,519,517,518,520,521,521,521,521,522,522,524,525,526,528
454,453,454,455,455,455,456,457,457,458,457,456,455,455,455,457,458,459,458,457,458,458,457,455,455,455,456,456,457,457,457,457,459,461,462,463,463,462,461,462,463,463,462,461,460,461,461,462,463,462,461,460,460,461,460,460,461,462,463,464,464,463,461,461,461,461,463,464,464,464,464,465,465,465,465,466,466,466,466,466,467,468,468,468,469,469,469,470,469,468,468,470,470,470,472,473,473,473,472,472,472,472,472,471,471,471,472,473,473,472,472,474,475,476,475,475,475,474,474,474,473,473,472,473,474,475,474,474,476,479,480,479,477,476,476,476,476,479,480,479,479,480,481,482,481,481,480,480,480,479,478,479,480,480,481,483,482,482,481,482,483,484,484,483,483,484,486,486,485,485,485,486,484,483,482,482,483,484,484,486,489,493,497,497,497,498,500,500,501,501,501,500,500,501,501,500,501,503,503,502,502,502,504,505,505,507,508,508,507,506,506,507,507,508,510,510,511,513,514,515,515,514,513,512,513,513,514,514,515,515,516,517,517,517,517,519,519,520,520,521,522,521,519,518,519,519,520,521,522,522,522,523,523,524,525,527
454,454,454,454,454,455,456,456,457,458,457,456,455,456,456,457,458,458,457,457,457,458,457,455,455,456,456,457,458,459,458,458,459,460,460,461,461,461,462,462,462,463,462,461,461,460,461,462,463,462,460,459,460,460,459,459,460,462,463,464,464,463,462,462,462,462,463,465,465,464,464,464,464,463,464,465,465,466,466,466,467,468,468,468,468,468,469,470,469,468,469,470,470,471,472,473,473,472,472,472,472,471,470,470,471,471,472,472,473,472,472,473,475,475,475,475,474,474,475,475,473,472,471,473,475,475,475,475,477,479,479,478,477,477,478,478,480,481,481,480,479,480,481,482,482,481,480,480,480,479,478,479,480,480,481,482,482,481,481,481,481,482,484,484,484,486,487,486,484,484,484,485,485,484,484,484,484,484,484,486,489,492,495,497,498,499,501,501,501,500,499,499,500,501,503,502,501,500,500,500,501,503,505,505,505,507,508,509,508,507,507,506,507,508,509,510,511,512,513,513,514,514,513,513,513,513,513,514,515,516,516,516,515,515,516,516,517,518,519,521,522,521,520,518,519,520,520,521,522,522,522,522,523,524,525,526
454,454,454,453,453,454,455,456,457,457,456,455,455,457,457,456,456,457,457,457,458,457,457,455,455,457,457,458,459,459,458,458,458,459,459,460,461,461,462,462,462,462,462,462,462,461,461,461,461,460,459,459,460,461,460,460,460,462,463,463,463,463,463,463,463,463,464,465,465,464,464,464,463,463,464,465,465,466,465,465,466,467,467,467,467,468,469,470,470,469,470,471,471,472,472,472,473,473,473,472,472,471,471,470,470,471,472,472,472,472,472,473,474,475,474,474,473,474,475,474,473,471,470,472,473,474,475,476,478,479,479,478,477,478,479,480,479,480,480,479,479,479,480,481,481,480,479,480,480,480,480,480,481,481,481,482,482,481,481,481,481,482,484,484,486,488,488,487,486,485,485,485,484,483,484,484,484,483,483,487,489,491,494,497,498,500,500,501,500,499,498,498,499,501,503,503,502,500,499,499,502,504,505,506,505,506,507,508,508,508,508,507,507,508,509,509,510,512,513,513,513,513,512,513,513,511,511,513,514,514,514,513,513,514,516,516,516,518,520,521,521,520,519,518,519,521,521,521,521,521,521,521,522,524,524,524
454,455,455,454,454,455,457,457,458,457,456,454,455,457,457,456,455,455,456,457,458,458,457,456,456,457,457,458,459,459,457,457,457,458,459,459,460,460,462,463,463,463,463,462,462,462,461,461,461,460,460,460,461,461,462,461,461,461,462,463,462,463,464,464,463,463,464,464,464,464,464,464,464,464,464,465,466,466,465,465,465,465,466,467,467,468,469,469,469,470,471,471,471,471,471,472,473,474,474,473,472,472,471,471,471,471,472,472,473,473,473,474,475,475,475,473,472,473,474,474,472,471,470,471,472,473,475,476,478,478,478,477,478,479,480,480,479,479,479,479,479,479,479,479,480,479,478,479,480,482,481,481,482,481,481,482,482,482,482,481,481,483,484,485,487,489,489,489,488,489,488,487,484,484,485,485,484,483,485,487,489,491,494,496,498,499,499,500,499,498,497,497,498,499,502,504,503,502,500,501,503,506,507,506,506,506,507,507,507,508,508,507,507,508,509,509,509,512,513,514,513,512,512,512,512,511,511,513,514,514,513,513,513,514,515,516,517,520,521,522,522,521,520,519,520,521,522,521,520,520,520,521,522,523,524,524
455,456,456,455,455,456,457,458,458,458,456,454,454,455,456,454,454,455,456,457,457,458,457,456,456,456,457,458,459,458,457,457,457,458,459,459,459,460,462,463,463,463,463,463,462,462,461,461,461,461,461,461,461,461,462,461,461,461,462,462,462,462,464,464,464,463,464,464,464,464,464,464,465,465,465,466,466,466,466,465,465,465,466,467,468,469,470,470,469,470,471,471,470,470,470,471,473,473,473,472,472,472,471,471,471,471,471,472,473,473,473,474,475,475,475,474,473,473,474,475,473,471,470,471,472,473,475,476,477,477,477,477,478,479,480,480,479,479,479,479,478,478,478,478,478,478,478,478,480,482,482,482,481,480,480,481,482,482,483,483,483,484,485,486,488,490,490,490,490,492,492,490,488,486,486,486,486,487,489,490,490,492,494,496,497,497,498,498,499,499,498,497,497,497,501,505,504,502,502,503,505,507,506,506,505,506,507,507,507,507,506,506,506,509,510,509,509,512,513,514,513,512,512,512,512,513,513,514,515,514,514,514,514,515,516,517,520,522,522,522,523,523,521,520,520,521,521,521,520,520,520,520,522,523,524,525
455,456,456,455,455,456,457,458,458,457,456,454,454,454,455,454,454,455,455,456,456,457,457,456,456,456,456,458,459,458,457,457,457,458,459,459,459,461,463,463,464,463,463,463,462,462,461,460,461,462,463,462,461,461,461,461,460,461,462,462,462,462,463,464,464,463,464,464,464,464,464,464,465,465,465,465,465,466,466,466,465,465,467,468,469,469,470,470,469,469,470,470,469,469,469,471,472,473,473,472,472,472,472,472,472,471,471,472,472,473,474,474,473,474,475,475,474,475,475,475,473,471,471,472,473,474,475,475,476,476,476,477,477,477,477,478,478,478,479,479,478,477,477,477,477,478,478,479,480,481,481,481,480,479,479,480,482,483,484,484,484,486,487,487,488,491,491,491,492,494,495,493,492,491,489,489,490,492,493,493,491,493,495,496,496,496,497,497,498,499,499,498,498,498,501,504,504,502,502,502,504,505,505,504,504,505,507,508,508,506,506,506,507,510,511,510,510,512,513,513,513,511,511,512,513,514,515,515,515,515,515,516,516,516,517,519,521,522,522,522,523,524,522,520,519,519,520,520,521,521,521,521,522,524,525,526
455,455,455,455,455,456,456,457,457,456,455,454,455,455,455,454,455,456,455,455,455,456,456,455,456,456,456,457,458,458,458,457,458,458,458,459,460,461,462,462,462,463,462,461,461,460,459,459,460,461,462,462,461,460,460,460,460,461,462,462,462,462,463,464,463,464,464,465,465,465,465,465,465,465,465,464,464,465,465,465,465,465,467,468,469,470,469,468,468,469,469,468,468,468,469,471,472,472,472,472,473,473,473,473,473,472,471,472,472,473,473,473,472,473,474,475,475,475,475,474,473,471,472,473,474,475,475,476,476,476,477,477,477,476,475,475,476,477,478,478,478,478,478,477,477,477,478,479,479,480,480,480,480,480,480,481,482,483,484,484,485,487,488,488,488,490,490,491,492,494,496,495,494,495,493,493,494,496,496,493,492,493,496,497,497,496,497,498,498,499,500,500,500,501,503,505,504,502,501,501,502,503,503,503,503,503,504,507,508,508,507,507,509,511,513,512,511,513,514,513,512,511,510,511,512,514,515,514,515,514,515,516,518,517,517,518,519,519,518,519,523,523,522,519,518,518,518,519,520,521,522,523,524,525,526,527
454,454,454,455,456,456,456,455,455,454,454,456,457,457,456,455,455,456,456,454,454,454,454,455,456,456,456,457,457,458,458,458,458,459,459,460,459,460,459,459,459,460,460,459,459,458,458,458,459,461,461,460,460,460,461,461,461,462,462,462,463,463,464,465,466,465,465,466,466,466,466,466,466,465,464,464,464,464,465,464,464,465,466,467,468,469,468,466,467,468,469,468,468,468,469,470,470,470,471,473,474,473,473,474,473,472,472,472,472,471,471,472,471,472,473,474,474,474,473,473,472,471,471,472,473,475,476,476,476,476,476,476,476,476,475,475,475,475,476,477,477,478,478,477,478,478,479,479,478,478,478,479,481,481,480,480,481,482,483,483,484,485,486,487,487,488,489,491,492,493,494,494,496,496,496,496,497,496,495,494,494,495,497,498,498,496,496,497,497,499,500,501,501,503,504,504,503,502,501,500,500,501,502,502,502,502,504,506,508,509,509,509,510,512,513,513,512,513,514,513,512,511,510,512,513,513,514,515,514,513,513,515,517,516,516,516,516,515,515,517,521,524,522,520,518,517,517,517,519,521,523,524,525,525,525,526
454,453,453,454,455,455,455,454,454,453,454,456,457,456,455,454,455,455,455,455,454,454,454,454,455,456,456,456,456,456,457,459,459,460,461,460,459,458,458,458,458,459,459,458,458,459,458,459,458,459,459,460,460,461,462,462,462,463,463,463,463,464,466,467,468,467,467,467,467,466,464,465,465,464,464,465,465,465,465,463,464,465,465,466,466,467,467,465,467,468,469,468,468,468,469,470,470,470,471,472,473,473,473,473,472,471,471,472,472,472,472,472,472,471,472,473,473,473,472,472,472,471,471,471,473,475,476,476,475,475,475,475,475,475,476,477,477,476,477,477,477,478,478,478,478,479,479,479,478,477,476,478,479,480,480,480,481,482,482,483,483,483,484,485,486,488,490,491,491,491,492,493,495,496,495,495,495,495,494,493,495,497,497,498,496,494,494,495,497,499,499,500,503,505,505,503,502,501,501,500,500,501,503,503,502,502,504,506,507,508,509,509,511,511,512,511,512,513,513,512,512,511,511,513,513,512,514,516,517,515,513,514,515,516,517,517,517,516,516,517,520,522,522,521,520,519,519,519,520,521,524,526,526,525,524,524
453,453,453,453,453,454,454,454,454,453,454,455,455,455,455,454,455,456,456,455,454,453,453,454,454,455,456,457,456,457,457,458,460,461,462,461,461,460,459,459,458,458,458,458,459,460,460,458,457,458,459,460,461,461,462,462,462,463,464,463,463,464,465,467,467,466,466,465,466,465,464,464,465,464,464,466,465,465,465,464,464,465,465,465,466,466,466,466,468,468,468,468,469,470,470,470,470,470,470,472,472,472,472,473,471,470,470,471,472,472,472,472,472,471,471,471,472,473,473,473,473,473,472,472,474,475,476,477,477,477,477,477,476,475,476,477,477,478,478,478,478,479,479,478,478,478,479,479,479,478,478,479,480,480,480,480,482,483,483,483,484,484,485,485,487,488,489,490,490,489,491,493,494,494,494,494,495,495,494,494,495,497,497,497,496,494,494,496,498,499,499,500,503,504,503,501,501,502,502,502,502,503,503,503,503,504,505,507,507,507,508,509,510,510,509,510,511,512,512,511,511,511,511,513,512,510,512,515,517,517,515,515,516,518,519,520,519,519,519,518,518,519,520,521,521,521,521,521,521,522,525,526,526,525,523,523
452,453,453,453,452,452,453,453,453,453,454,454,454,454,454,455,455,455,455,454,453,454,454,455,455,456,456,457,457,457,458,458,459,460,461,461,461,461,460,458,459,458,458,458,459,460,460,459,459,459,460,461,461,462,461,461,462,463,463,462,463,464,465,466,465,465,465,464,464,465,465,465,466,465,466,465,465,465,465,465,465,466,466,466,466,466,466,467,468,468,468,468,469,471,471,471,471,471,471,471,472,471,471,471,471,470,470,471,473,473,472,472,471,471,470,471,471,472,473,473,474,473,473,474,475,476,477,476,477,478,478,478,476,475,475,476,477,479,479,479,478,479,479,479,479,479,478,478,479,479,479,479,481,481,480,481,483,483,483,484,484,485,485,486,487,488,489,489,489,489,490,492,492,493,493,494,495,496,496,496,497,498,498,498,496,496,497,499,500,499,500,501,503,503,502,501,501,502,503,503,503,502,503,503,504,505,506,507,507,507,508,509,509,509,509,510,512,512,512,511,511,512,512,512,511,510,512,515,517,517,515,515,516,518,519,519,519,521,521,519,518,518,520,521,521,521,522,522,521,522,524,525,525,525,524,524
453,454,453,452,451,451,452,453,452,453,453,453,453,454,454,455,455,455,455,454,454,455,456,456,456,456,456,456,456,457,457,457,458,459,459,460,461,461,459,458,458,458,458,458,459,459,459,460,460,461,460,460,460,461,461,460,461,463,463,462,463,464,464,464,464,464,463,463,464,464,466,466,467,467,466,465,464,465,465,465,466,467,468,467,467,466,466,467,468,469,469,469,470,471,472,471,471,471,471,472,471,471,471,471,470,470,471,473,474,473,471,471,471,471,471,471,471,472,473,473,474,474,474,475,475,476,476,476,477,478,478,478,475,474,475,476,478,480,479,478,477,477,478,479,479,479,477,477,478,479,479,479,480,480,481,482,483,483,484,484,485,485,485,487,488,489,489,489,489,489,490,491,492,492,493,493,494,495,496,498,499,499,500,499,498,498,500,501,500,499,500,502,502,502,501,501,501,502,502,502,502,502,503,504,505,505,506,507,507,508,509,510,510,510,511,512,513,513,512,511,512,512,513,512,512,511,513,515,516,516,515,515,515,517,518,518,519,520,521,519,518,517,519,520,520,521,522,522,522,522,523,524,524,525,526,526
454,454,453,452,451,452,453,453,452,452,453,453,454,454,455,455,455,455,455,455,454,455,456,457,456,456,456,455,455,456,456,457,457,457,458,459,460,460,459,458,458,458,458,458,458,458,459,460,461,461,460,460,460,460,460,461,462,463,463,463,464,464,464,464,464,463,463,463,464,465,466,467,468,467,466,466,465,465,465,465,466,467,468,467,467,466,466,467,468,469,469,470,471,471,471,470,470,470,471,472,471,471,471,471,470,470,472,473,474,473,471,470,471,471,471,471,471,472,473,474,474,474,474,475,475,476,476,476,476,476,477,477,475,474,475,477,479,480,479,478,476,477,479,480,479,478,476,477,478,479,479,479,480,481,482,483,483,483,484,485,485,485,486,486,487,488,489,490,490,490,491,491,492,493,493,493,493,494,496,498,499,500,500,499,498,499,500,501,500,499,499,501,502,501,501,501,501,502,502,502,502,502,503,504,505,505,506,507,508,508,509,511,512,512,512,512,513,514,514,513,512,512,513,512,512,513,513,514,515,515,516,516,515,516,516,517,518,519,519,518,517,517,518,520,521,522,523,523,523,523,523,523,524,526,527,527
455,454,453,452,453,453,454,453,452,451,452,454,455,455,455,455,456,457,456,456,455,455,456,456,456,456,455,454,454,455,455,456,456,456,457,458,458,458,457,457,457,457,458,458,458,458,458,459,460,460,460,460,461,461,461,461,462,463,463,463,464,464,464,463,463,463,463,464,464,465,466,467,466,466,466,466,465,465,465,465,465,466,467,467,466,466,467,468,468,469,469,469,470,470,470,469,470,471,472,472,472,472,471,471,470,470,472,473,474,473,472,472,472,473,471,471,471,472,473,474,474,474,474,475,475,476,476,476,475,475,475,475,475,475,476,478,479,479,479,478,477,478,479,480,480,478,477,478,479,480,480,481,481,482,483,483,483,483,485,486,487,487,487,486,486,487,489,491,491,491,491,492,493,493,493,493,493,493,495,497,498,499,499,498,498,498,498,498,498,498,499,500,501,501,501,502,501,501,501,502,502,502,503,504,504,504,506,507,509,508,509,512,513,514,512,512,513,516,515,514,513,513,512,513,513,513,513,514,514,515,516,517,516,515,515,516,517,517,517,517,517,517,518,520,522,523,524,525,525,525,524,524,525,526,527,526
454,453,452,452,454,454,453,452,451,452,453,454,456,455,456,457,457,458,458,457,455,455,454,455,455,455,455,454,454,455,456,456,456,456,456,456,457,456,456,457,458,458,459,459,458,457,457,458,459,460,460,461,461,462,462,462,462,463,463,464,464,464,464,464,463,463,463,464,464,465,466,466,465,464,465,465,465,465,466,465,465,466,467,466,466,466,467,468,468,468,468,468,469,469,469,469,471,472,473,473,473,473,472,472,471,471,473,475,475,474,474,475,475,474,472,472,473,474,474,474,474,475,475,475,475,475,476,476,475,475,475,476,476,476,476,477,478,478,478,478,478,478,478,480,480,479,479,480,481,481,482,483,483,483,483,483,483,484,485,487,488,489,489,488,486,488,490,491,492,492,491,492,493,493,493,493,493,493,493,495,497,498,498,498,497,496,496,496,497,499,499,500,501,501,502,503,501,500,500,503,503,504,504,505,505,504,505,507,508,508,510,512,514,513,511,511,513,514,515,514,514,513,512,512,512,512,513,514,513,514,517,518,517,514,515,516,517,516,517,518,518,518,519,521,523,525,525,526,526,526,526,526,525,525,526,526
453,452,452,452,452,453,452,451,452,453,453,455,455,455,457,459,459,459,458,457,456,454,453,453,454,456,456,456,456,458,459,459,459,458,457,457,456,456,456,458,458,459,459,459,458,456,456,457,458,460,461,461,461,462,462,462,461,461,462,462,463,464,464,464,464,463,464,464,465,465,466,466,465,464,465,466,467,467,466,466,466,467,468,467,466,466,467,468,468,468,468,468,468,468,469,469,471,472,473,474,474,474,473,472,472,473,475,477,477,475,475,477,477,476,473,473,473,474,473,472,474,476,476,475,475,475,476,476,476,476,477,477,477,477,477,478,479,479,479,478,478,477,478,479,480,480,481,482,483,482,483,483,484,483,483,483,483,484,485,487,488,489,490,488,487,488,490,491,491,491,492,492,493,493,493,492,493,493,493,495,497,497,497,497,496,495,495,496,497,499,499,500,501,501,502,502,500,498,499,501,503,504,505,506,505,504,505,507,508,508,509,512,513,512,511,512,513,513,513,514,514,513,512,511,512,513,514,515,514,515,518,519,518,515,516,518,519,518,518,519,520,520,520,521,523,525,525,525,525,525,526,526,525,524,525,525
452,452,454,454,454,453,452,451,453,454,454,453,454,455,456,457,457,457,458,458,457,455,455,455,457,457,457,456,457,458,460,461,461,460,459,458,458,457,457,457,457,458,458,458,458,457,457,458,459,460,460,461,461,462,463,462,462,461,461,461,462,463,465,465,464,464,465,465,465,465,465,465,465,464,465,466,468,468,467,467,467,468,468,467,466,466,466,468,468,468,468,468,468,469,470,470,471,472,473,474,474,474,473,472,472,474,476,479,476,474,474,476,477,475,473,473,473,473,471,470,473,475,475,474,473,474,474,474,475,476,477,478,479,478,479,480,481,480,479,479,479,478,478,479,481,481,482,483,483,483,483,483,483,483,483,482,483,484,485,486,487,488,488,487,487,488,489,490,489,490,490,491,493,493,493,493,493,495,495,496,497,496,496,496,496,495,496,497,498,499,500,501,501,500,500,500,500,499,499,501,503,504,506,507,505,504,505,507,508,507,508,510,510,510,511,512,513,513,514,515,516,514,513,514,515,515,515,516,515,516,518,519,518,517,518,520,520,519,519,519,521,520,520,520,522,524,525,525,524,525,525,525,525,525,526,525
451,453,455,456,457,455,453,453,453,454,454,453,453,454,455,455,455,456,457,458,458,457,457,458,459,459,457,456,456,457,459,460,460,460,459,459,458,457,456,456,456,457,457,458,459,458,458,459,460,461,460,460,461,461,462,462,462,462,462,462,463,464,465,466,465,465,466,466,466,465,465,465,465,465,465,467,467,467,467,467,467,468,468,467,466,466,466,467,468,468,468,468,469,470,471,470,470,471,473,472,473,473,473,471,471,473,475,476,474,473,474,475,475,473,472,472,473,473,472,472,473,474,474,473,473,474,473,473,476,477,478,478,478,478,479,480,481,481,480,480,481,480,479,480,481,481,482,482,483,483,483,484,484,484,483,483,483,484,485,485,486,486,487,487,487,488,489,489,489,489,489,490,491,491,492,492,494,496,497,496,496,495,495,496,497,497,498,498,499,499,500,500,501,500,500,499,500,500,499,501,503,505,507,506,505,505,507,509,509,509,510,510,510,510,511,512,512,513,515,516,516,515,514,515,517,517,516,515,515,516,518,518,517,517,519,520,520,520,520,521,521,520,520,521,523,524,525,524,524,524,525,526,527,527,527,526
452,453,454,457,458,456,454,453,455,455,454,453,453,453,454,454,454,455,457,458,458,457,457,458,459,459,457,456,457,458,460,460,460,459,458,458,458,457,456,456,456,457,458,459,459,459,459,459,460,460,460,460,460,460,460,461,461,462,462,463,463,464,465,466,466,467,467,466,466,465,465,465,466,466,466,467,467,467,467,467,467,467,468,468,467,467,466,467,467,468,468,468,469,470,470,470,470,472,471,471,471,472,472,470,471,473,473,473,472,471,473,474,474,473,473,473,473,474,473,473,474,475,474,474,475,475,474,475,477,479,479,477,477,477,478,479,480,481,480,481,482,481,480,480,481,481,481,481,482,483,483,483,483,483,482,482,482,483,485,485,485,486,486,487,487,489,489,489,489,489,489,490,491,491,492,494,495,496,496,495,495,494,495,497,498,498,499,498,499,500,501,501,502,501,500,499,500,500,500,501,503,505,505,505,505,506,507,509,511,512,512,512,511,512,512,512,511,512,514,515,515,513,514,515,517,517,515,514,515,517,519,518,517,518,519,519,519,520,521,521,521,520,521,523,524,525,525,523,523,524,525,527,528,527,526,526
452,452,453,455,456,455,454,453,454,455,455,454,454,453,453,453,454,455,457,458,458,457,457,457,458,459,458,457,458,460,461,461,460,458,457,457,457,456,456,456,457,458,459,460,460,460,460,460,459,459,459,460,460,460,460,461,462,462,462,462,463,465,465,465,466,466,466,466,466,465,465,466,466,466,466,466,466,466,466,466,466,467,468,468,468,467,467,466,466,467,468,469,469,469,469,469,470,471,470,469,470,471,471,471,472,474,473,471,470,469,470,471,473,473,473,473,473,473,473,475,475,476,475,476,476,476,475,476,477,479,479,477,477,477,478,480,481,481,481,482,482,481,481,481,482,482,482,482,483,483,483,483,483,482,481,481,482,483,484,485,485,486,486,487,488,489,490,490,489,489,489,490,491,492,493,495,496,496,496,495,494,494,495,497,498,499,498,498,500,501,501,502,502,501,500,499,499,499,500,501,503,504,504,504,505,506,507,509,511,513,513,512,512,513,513,512,512,512,514,514,513,512,514,516,517,516,515,515,516,518,519,519,518,518,518,518,519,520,521,521,520,521,522,524,525,525,524,523,523,524,525,527,528,527,526,526
452,452,453,453,454,454,453,452,453,454,455,455,455,455,454,454,454,456,457,459,458,457,456,457,458,459,459,458,459,461,462,462,460,458,457,456,456,456,456,456,457,458,459,460,460,461,461,460,459,459,459,461,461,460,460,461,462,462,462,462,464,465,465,465,466,466,466,466,465,465,465,465,466,466,466,466,466,466,466,466,466,467,468,468,468,468,467,466,466,467,468,468,469,469,469,469,469,470,469,469,470,471,472,473,474,475,473,470,469,468,467,469,472,473,473,473,473,472,473,475,476,476,476,478,478,477,477,477,477,478,478,478,477,478,479,481,481,481,482,482,481,481,481,482,483,483,483,483,483,483,482,482,483,482,481,481,482,484,485,485,485,486,486,487,488,489,490,490,489,489,489,491,492,494,495,495,496,496,496,495,494,493,495,497,498,497,498,498,500,500,501,502,503,502,501,499,498,498,499,501,502,502,502,503,504,505,507,508,510,512,513,512,513,513,513,512,512,512,514,513,512,512,514,516,517,515,514,515,516,518,519,519,519,518,517,518,519,520,521,521,520,520,522,523,524,524,523,523,523,524,525,526,528,527,526,525
453,453,452,452,452,453,453,452,452,453,455,456,456,456,456,455,455,456,457,458,458,456,456,457,458,459,459,459,460,461,462,463,461,459,457,456,455,455,455,456,458,458,459,460,460,460,460,459,458,458,459,461,460,460,460,461,462,462,462,462,463,465,465,465,465,465,466,465,465,465,465,465,465,465,465,466,466,465,466,466,466,466,467,468,468,468,467,466,466,467,468,468,468,468,468,469,469,469,470,470,471,472,473,474,476,475,473,471,469,468,467,469,471,473,473,473,473,473,473,474,475,475,477,479,480,479,479,477,478,478,478,478,478,479,480,481,482,482,482,481,480,481,482,483,484,484,484,483,483,483,482,483,483,484,483,483,483,484,485,486,486,486,486,487,488,489,490,490,489,488,489,492,494,495,496,496,495,495,496,496,494,494,494,496,496,496,497,499,499,499,501,502,503,503,502,500,500,499,500,500,501,501,501,503,504,505,506,507,508,510,511,512,513,513,513,512,511,512,513,513,511,512,514,516,515,514,513,514,515,517,519,519,519,517,516,517,519,521,522,522,521,520,521,521,522,523,523,524,524,523,524,525,528,527,525,525
454,453,452,452,452,454,454,452,452,454,455,456,457,457,457,456,456,456,457,457,456,455,455,456,458,458,459,459,460,460,461,462,462,460,458,456,454,454,455,457,458,459,459,460,460,460,459,458,458,458,459,460,459,459,459,460,461,462,462,463,463,465,466,466,465,466,466,466,465,465,465,466,466,466,466,466,466,465,466,466,466,466,466,467,468,468,467,467,467,467,467,467,468,468,469,469,470,470,471,471,472,474,474,474,475,474,473,471,470,469,470,472,473,473,474,474,474,474,474,474,474,475,477,480,481,481,480,479,479,480,479,479,480,480,480,481,482,482,482,482,481,481,482,483,484,484,483,483,483,483,483,484,484,485,485,484,484,484,485,486,485,485,487,488,489,489,489,490,489,488,489,492,494,496,497,496,495,494,495,496,494,494,494,495,496,496,498,499,500,499,500,501,502,503,502,501,501,500,501,501,501,501,501,502,504,505,505,505,506,508,510,512,513,514,513,511,511,511,512,512,511,511,512,513,514,513,512,514,515,517,518,519,518,517,516,517,520,522,523,522,522,521,521,521,521,523,524,525,525,523,522,525,527,527,526,525
453,452,452,453,454,455,454,452,453,454,455,455,456,457,457,456,457,457,457,456,456,455,456,457,458,459,459,459,459,459,459,460,461,460,459,457,456,455,456,458,459,459,459,459,459,459,458,458,456,457,458,458,458,458,459,459,460,461,462,463,463,465,466,466,466,466,465,465,465,465,466,467,467,468,466,466,466,466,467,467,466,466,466,467,467,468,467,467,467,467,467,468,468,469,469,469,470,471,471,471,472,472,473,474,474,473,472,471,471,471,472,473,474,474,473,473,474,475,476,475,474,475,477,480,481,480,480,480,480,480,480,480,481,481,481,481,481,482,483,484,484,483,483,484,484,484,483,484,484,484,484,484,485,485,485,484,483,483,484,484,484,485,487,488,488,488,489,490,489,489,489,491,493,495,496,496,495,495,495,495,494,494,494,496,496,498,499,500,501,500,499,500,501,503,502,501,500,501,501,502,503,504,502,504,505,506,504,504,506,509,511,512,512,512,512,511,512,512,512,510,510,510,510,512,514,514,514,516,516,517,517,517,518,518,518,518,521,522,522,521,521,521,520,520,521,522,524,525,524,523,523,525,527,526,526,526
452,452,453,454,455,455,454,452,452,454,455,454,455,457,457,456,456,456,456,457,457,457,457,458,458,458,458,457,457,457,458,458,457,457,458,457,457,456,457,459,460,460,459,459,459,459,459,458,457,457,458,458,459,460,460,460,460,461,461,462,463,464,465,466,466,466,465,465,465,465,465,465,466,467,466,466,467,467,468,468,466,466,466,466,467,467,466,466,466,466,467,468,469,469,469,469,469,470,470,471,472,471,471,472,472,472,471,471,471,472,472,473,474,473,471,470,472,475,477,477,476,476,478,479,479,479,480,480,480,480,479,480,480,480,479,480,480,481,483,484,483,483,483,484,484,484,484,485,485,485,485,484,484,484,484,483,483,483,483,483,483,485,486,488,487,488,488,489,490,490,490,490,492,494,494,495,496,496,495,495,495,496,496,497,497,498,498,499,500,501,500,500,502,502,501,501,501,502,501,502,503,504,503,504,504,504,503,504,506,509,510,510,510,510,511,512,513,513,512,511,511,511,511,513,514,516,517,518,517,516,516,515,516,518,520,522,522,522,520,519,519,519,519,519,520,521,522,524,524,524,524,525,526,525,525,526
452,452,453,454,455,455,454,453,453,455,456,456,457,457,456,456,456,455,455,457,457,457,457,457,456,455,456,456,457,457,456,456,455,455,456,458,457,456,457,459,460,460,460,459,459,459,459,459,459,458,458,459,461,462,462,461,461,461,462,462,463,463,464,465,466,466,466,465,465,466,465,465,466,466,466,466,467,467,467,467,467,466,465,466,466,466,466,465,465,465,466,467,468,469,469,469,469,468,469,471,471,471,471,472,471,470,469,470,470,470,471,472,473,472,470,470,473,476,477,477,477,477,478,479,479,479,479,479,479,479,478,478,478,478,478,478,479,480,481,482,482,482,483,484,485,485,485,486,486,486,485,484,484,484,484,484,483,484,484,484,485,485,486,487,487,488,488,489,491,492,492,492,493,494,494,494,495,496,495,495,496,497,498,498,498,498,498,498,500,501,501,502,502,501,499,500,502,503,503,503,502,503,502,502,502,502,503,503,505,507,508,509,510,511,511,513,513,512,511,511,512,512,512,512,513,515,518,518,517,516,516,516,517,519,522,523,523,520,519,517,517,518,519,520,520,520,521,523,524,525,525,525,525,525,525,526
452,451,451,451,453,454,454,454,454,456,457,457,457,456,455,455,455,455,455,456,457,457,457,457,456,455,456,456,457,456,456,455,455,456,458,459,457,455,456,458,460,461,461,460,460,459,459,459,460,460,460,460,461,463,463,462,462,462,462,463,463,462,463,464,465,466,466,466,466,465,465,465,467,467,466,466,466,466,466,467,467,466,465,465,466,466,466,465,464,465,466,466,467,468,468,469,469,468,469,470,471,471,472,471,470,468,469,470,470,470,470,472,472,471,471,473,475,476,476,476,476,476,476,478,479,479,479,478,478,477,477,477,477,478,478,478,478,479,480,481,482,483,483,484,485,485,486,487,487,486,486,486,485,485,486,486,486,486,485,485,485,486,486,487,488,489,489,490,491,493,493,493,494,495,494,494,495,496,495,496,496,498,499,499,499,499,499,499,500,500,500,501,501,500,500,501,503,504,504,504,503,502,503,502,502,502,502,502,504,505,507,509,511,511,512,513,512,511,511,511,511,511,511,510,511,512,516,517,516,517,517,517,517,520,522,523,521,519,518,517,516,517,518,520,520,520,520,522,524,525,525,525,526,526,525,525
451,450,449,450,452,453,453,453,454,456,457,457,456,456,455,455,456,455,455,456,457,457,457,457,457,456,456,456,457,456,455,455,456,456,459,460,458,456,457,458,459,461,461,461,460,459,459,459,461,461,461,460,462,463,463,462,461,461,462,462,462,462,463,464,466,467,466,466,465,465,465,466,467,466,466,466,466,466,466,467,467,466,466,465,465,466,466,466,465,465,466,466,467,468,468,468,469,469,470,470,470,471,471,471,469,469,469,470,470,471,471,471,471,471,472,474,476,476,475,475,475,475,476,478,480,480,480,479,478,477,477,478,478,478,478,477,478,479,480,481,483,483,484,485,484,485,486,486,486,486,486,486,486,486,486,487,488,487,486,486,486,487,487,487,487,488,489,490,492,493,493,494,496,496,495,494,495,496,495,496,497,498,500,499,499,499,500,500,500,500,501,501,501,500,501,502,504,504,504,504,503,502,502,501,501,502,502,502,503,505,507,509,510,511,512,512,511,510,511,511,511,511,511,510,510,512,514,516,515,516,517,518,518,520,522,521,520,518,517,516,516,517,518,519,520,520,520,522,524,525,525,526,527,527,526,525
451,449,449,450,452,453,453,453,453,455,456,456,456,456,456,457,457,455,454,455,456,457,457,457,457,456,456,455,455,455,455,455,456,457,459,460,459,459,458,459,460,461,461,461,460,459,459,459,461,461,461,460,460,461,461,461,460,460,461,461,462,462,463,464,466,467,466,466,465,465,466,466,466,466,465,466,467,466,466,466,467,467,466,465,465,467,467,467,466,465,466,466,467,468,468,469,469,470,471,470,470,470,471,471,470,470,470,470,471,471,471,471,471,472,472,474,476,476,475,474,474,475,477,479,481,482,482,480,478,478,477,478,478,478,477,477,477,480,481,482,483,483,483,484,484,484,485,485,485,485,485,486,486,486,486,487,488,487,487,487,488,488,487,487,487,488,489,490,492,492,494,495,497,497,496,494,494,494,494,495,496,498,499,499,499,499,499,500,500,502,502,503,503,503,502,504,504,504,504,504,503,502,501,501,501,502,502,503,505,506,508,509,510,511,511,511,510,510,511,511,511,512,511,512,513,514,515,515,515,517,518,518,519,520,521,520,519,518,517,517,517,517,519,520,520,520,521,523,525,525,525,526,528,528,527,525
452,450,450,451,452,453,453,453,453,454,455,455,456,456,456,458,458,456,455,454,454,455,455,456,456,456,455,454,454,455,456,456,456,457,458,460,460,460,460,460,460,461,461,461,460,459,459,459,460,461,460,460,459,459,459,459,459,459,460,461,461,461,463,464,466,467,466,465,465,466,466,466,466,465,466,467,467,466,466,466,467,467,466,465,466,467,467,468,467,466,465,465,467,468,469,469,469,470,470,470,470,470,471,471,471,471,470,471,472,472,472,472,472,472,472,474,475,476,475,473,473,475,477,479,481,482,482,481,479,478,477,478,478,478,476,476,478,480,481,481,481,482,483,483,484,484,484,484,484,484,484,485,486,486,486,487,488,487,487,488,489,489,488,487,487,488,488,490,491,492,494,495,496,496,495,493,493,493,493,494,496,498,499,499,498,499,499,500,501,503,504,505,506,505,505,505,504,503,503,504,503,502,502,502,502,503,504,504,507,507,508,509,509,510,510,510,509,510,511,511,511,511,512,514,515,517,517,517,517,518,519,518,519,520,522,520,519,518,518,517,517,518,520,521,521,521,523,525,525,524,525,526,528,529,528,526
452,452,452,452,452,452,453,453,453,454,454,454,455,456,456,458,459,457,455,454,453,453,454,455,456,455,454,454,456,457,459,459,458,457,458,459,461,461,462,462,462,461,461,461,460,459,460,460,461,461,461,460,459,458,458,458,459,460,460,460,460,461,462,464,466,466,465,464,465,466,466,465,465,465,465,466,467,467,466,467,468,467,467,466,466,467,467,468,467,466,465,466,467,468,469,469,469,469,469,469,470,471,472,472,472,471,470,470,471,472,472,471,472,472,472,474,475,475,474,473,474,475,477,479,480,481,482,481,480,479,478,478,478,477,476,476,478,479,480,479,479,480,482,483,483,483,484,484,484,483,483,485,486,487,488,488,488,488,488,489,489,488,488,488,488,488,488,488,489,491,492,493,494,494,494,493,492,492,493,494,496,498,500,500,499,500,500,500,500,502,504,506,506,506,506,506,504,503,502,503,503,503,504,503,504,504,505,506,508,509,510,510,509,509,509,509,509,510,511,512,512,511,512,514,516,517,518,518,518,518,518,518,519,521,522,521,520,519,519,518,517,519,521,522,522,523,523,525,525,525,526,526,527,528,529,528
453,453,452,451,451,452,453,454,454,453,452,453,455,456,457,458,458,457,456,455,454,454,454,455,455,455,454,455,457,460,462,461,460,459,459,459,461,462,464,464,464,463,463,463,462,461,461,462,462,462,462,462,459,458,458,458,459,461,460,460,460,460,462,463,464,465,465,465,465,465,465,465,465,465,465,465,466,466,466,468,468,468,467,466,465,466,466,466,466,466,465,466,466,467,468,469,469,469,469,469,470,471,471,472,472,471,469,468,470,471,472,472,472,472,473,474,475,475,474,474,474,476,478,479,479,480,481,481,480,480,479,479,478,477,476,477,478,479,479,479,478,480,482,482,483,483,484,484,485,485,485,486,488,488,489,490,490,489,489,488,489,489,489,489,488,488,487,487,489,490,491,491,493,493,493,493,492,493,494,494,495,497,499,500,501,501,501,501,500,502,502,504,505,506,507,506,504,503,503,503,503,503,505,505,504,504,505,507,509,510,509,509,509,508,508,508,509,510,511,513,513,512,511,513,515,516,517,518,518,519,518,517,518,520,521,521,521,521,519,518,518,519,521,522,523,523,524,524,524,524,525,525,525,527,528,529
454,454,452,451,451,452,452,453,454,453,452,452,455,456,457,456,456,456,455,457,456,455,455,455,456,456,456,456,458,460,460,460,460,461,460,460,460,461,463,465,465,463,463,463,463,462,462,463,464,464,463,462,460,459,459,460,461,462,462,461,460,460,462,463,463,464,464,465,466,466,465,466,466,466,465,465,466,466,467,467,468,468,467,465,464,464,464,464,464,465,465,465,466,467,468,469,471,471,470,469,468,468,470,471,471,469,468,467,469,471,472,473,473,473,473,474,475,474,474,474,476,477,478,479,479,480,480,480,480,480,480,480,477,476,475,476,478,479,480,480,480,480,482,484,484,483,484,485,487,487,487,488,488,488,489,490,490,490,489,488,488,488,489,489,488,488,487,487,488,489,490,491,492,493,492,492,491,493,494,494,495,495,497,499,500,500,500,500,501,502,503,503,504,506,507,506,505,503,503,502,502,502,503,503,503,502,504,505,508,509,509,508,509,509,509,509,509,510,511,512,512,511,511,512,513,514,514,515,517,518,517,517,517,518,519,519,520,521,520,520,519,519,521,523,524,524,524,524,524,524,524,524,525,526,527,528
454,454,452,452,451,452,452,454,454,453,453,453,455,454,454,454,454,454,454,456,457,455,455,456,457,458,458,458,458,458,457,458,459,460,460,460,459,459,461,462,462,462,461,461,461,461,462,464,466,465,463,461,460,460,460,461,463,463,463,462,461,461,462,461,461,462,463,465,466,467,466,466,466,466,466,466,467,467,467,467,467,467,466,464,464,464,465,464,464,465,465,465,465,467,469,470,471,471,470,469,468,468,469,470,470,469,469,469,469,471,473,474,474,474,474,475,475,474,474,475,477,478,479,479,481,481,480,480,480,480,480,479,477,476,475,477,479,480,480,480,480,481,483,484,484,483,483,485,486,486,487,487,488,488,489,490,490,489,488,487,487,488,488,488,488,488,487,488,488,487,488,489,491,491,492,491,490,492,493,494,494,495,497,498,499,498,499,500,502,501,502,503,505,506,507,507,505,503,502,501,501,502,502,502,502,502,502,504,507,508,509,509,510,510,510,509,508,509,509,510,510,510,510,511,512,512,513,515,517,517,517,518,517,517,517,517,518,520,521,520,520,521,522,524,524,524,523,523,524,525,525,524,524,525,526,525
453,453,452,451,451,452,452,454,454,454,454,455,454,453,452,453,453,453,454,456,456,455,455,456,457,457,457,457,457,457,456,457,458,459,459,459,458,458,460,460,460,460,460,461,460,461,462,464,465,465,463,460,459,460,461,462,463,463,464,463,463,462,462,462,461,462,463,464,465,465,465,465,465,465,465,465,466,467,467,467,466,465,465,465,465,466,465,464,463,464,464,464,465,466,468,469,470,471,470,469,469,469,471,471,471,471,471,471,471,471,472,473,473,474,475,476,476,476,476,477,478,478,479,479,481,481,480,480,480,480,479,478,477,476,476,477,479,481,481,481,480,481,482,483,483,482,483,484,484,484,485,486,488,488,489,489,489,488,488,488,488,488,488,488,487,488,489,488,488,486,486,488,490,491,491,491,491,492,494,494,495,496,498,499,498,497,498,500,500,500,501,503,505,506,506,505,505,503,502,501,500,501,503,503,503,502,502,504,506,508,508,508,510,510,509,508,508,509,509,508,509,509,510,511,512,512,513,515,515,516,518,518,518,517,517,517,518,520,522,522,521,521,522,524,524,523,523,524,526,527,525,524,523,524,524,523
452,452,451,450,451,452,453,453,454,454,454,455,454,453,452,452,453,453,453,455,456,455,455,456,456,456,457,457,457,456,456,456,457,458,458,458,458,458,459,459,458,458,459,460,460,461,462,463,464,463,461,459,459,460,462,463,463,463,463,463,462,462,462,463,464,464,464,464,464,464,464,464,463,464,464,464,465,467,467,467,465,464,465,465,466,466,466,464,464,464,463,464,465,466,467,468,470,470,470,469,469,471,472,472,471,471,472,471,471,471,472,473,473,473,475,477,477,477,477,478,479,479,479,480,481,481,481,481,481,480,479,479,479,478,477,478,480,481,481,480,480,481,482,483,483,483,483,483,483,483,484,485,487,487,488,488,488,488,489,489,489,489,489,488,488,488,489,489,487,487,487,488,490,490,490,490,491,493,494,495,496,498,499,499,498,497,498,499,500,501,502,504,505,506,505,504,504,503,502,501,500,501,503,504,503,502,503,505,507,508,507,507,508,508,508,507,508,508,508,508,508,509,509,510,512,512,513,513,514,516,518,518,518,518,518,518,518,520,522,522,521,521,522,524,524,524,524,526,527,527,526,525,525,524,524,524
452,451,450,450,451,452,453,453,453,454,454,454,454,453,452,452,453,453,454,455,456,455,455,456,456,456,456,457,457,457,456,457,457,457,458,458,458,458,458,458,457,457,458,459,459,460,461,463,462,461,460,459,460,461,463,464,464,462,461,461,461,462,463,463,465,464,464,464,463,463,463,463,463,463,464,464,465,466,467,466,464,463,464,466,466,467,466,465,465,464,463,464,466,466,467,468,469,468,469,469,470,471,472,472,471,471,471,471,471,471,472,472,473,473,474,477,478,478,478,478,479,479,479,480,481,481,482,482,482,481,480,480,479,478,478,479,480,480,479,479,480,481,482,483,483,484,484,484,484,484,483,484,486,487,487,486,486,487,489,490,490,490,489,489,488,489,489,488,487,487,487,488,489,490,489,490,491,493,494,495,497,499,499,499,498,497,498,499,501,502,503,504,505,504,503,503,503,502,501,501,501,501,504,505,505,504,505,507,508,508,506,506,506,507,507,507,507,507,506,507,508,509,509,510,511,512,512,512,512,515,517,518,517,518,518,518,518,519,521,522,522,522,523,524,524,524,524,526,527,526,525,525,526,526,525,525
451,451,450,450,451,452,453,452,453,454,454,454,454,453,453,453,453,454,454,456,456,456,456,456,456,456,456,457,457,457,457,458,458,458,457,457,457,457,457,457,456,457,458,458,458,460,461,462,462,461,460,460,461,462,463,465,465,463,461,460,461,463,464,464,464,463,463,463,463,464,464,463,463,464,465,465,466,466,466,465,464,464,465,465,466,467,466,466,466,465,464,465,466,467,468,468,468,466,467,468,469,470,471,471,471,471,471,470,471,471,471,472,472,472,473,475,476,476,476,478,478,479,480,480,481,481,483,483,483,483,482,481,479,478,478,479,479,479,478,478,479,480,482,483,484,485,485,485,485,485,484,484,485,486,486,485,485,488,489,490,491,490,489,489,489,489,489,488,487,486,487,488,489,489,488,489,490,492,494,496,497,498,499,498,498,497,498,499,501,502,502,502,503,502,501,501,501,500,500,500,502,503,504,506,507,506,507,508,509,508,507,505,505,506,507,507,507,506,506,507,507,508,508,509,510,513,513,512,512,515,517,517,518,518,518,518,517,518,520,522,523,524,525,525,524,523,524,526,526,525,523,525,527,527,526,526
450,450,451,451,450,451,451,452,452,453,454,454,454,454,454,453,453,453,455,456,457,457,456,456,455,455,455,456,457,457,457,458,459,458,457,457,456,456,457,458,456,457,457,458,459,460,462,462,462,462,461,461,461,461,462,464,465,464,462,461,463,465,465,464,463,462,463,462,463,464,464,463,463,464,464,465,465,465,465,465,465,465,465,465,466,466,466,466,466,466,465,465,466,467,468,468,467,465,466,467,468,468,470,471,471,470,470,470,471,471,471,471,471,471,472,473,474,474,475,477,478,479,479,480,480,481,482,484,483,482,482,481,479,478,478,479,478,477,477,477,479,480,482,484,485,485,485,485,486,486,485,484,484,485,486,485,486,488,490,490,490,489,489,489,489,490,490,489,488,486,486,486,487,488,488,488,489,491,493,495,496,496,498,498,497,496,497,499,500,501,501,501,501,500,499,499,499,499,500,501,503,504,504,506,506,507,508,508,508,508,506,504,504,505,506,508,507,507,507,507,507,506,506,507,510,513,513,513,512,515,518,518,517,517,517,516,516,518,520,522,523,525,526,525,524,523,524,525,524,522,521,523,525,526,525,525
450,450,451,451,450,450,451,452,452,453,454,455,455,455,454,453,453,454,455,455,457,457,457,456,455,455,455,455,455,456,457,458,458,458,457,456,456,457,459,459,457,456,457,458,459,461,463,463,463,462,462,462,461,461,461,462,464,464,464,463,465,466,467,465,464,464,464,462,462,463,463,464,464,463,462,463,463,463,465,466,467,467,467,465,464,464,465,466,466,466,465,464,465,466,467,467,467,466,467,467,468,467,468,469,470,470,469,470,470,471,470,470,470,470,471,472,472,473,474,476,477,479,479,478,479,480,481,482,481,480,481,481,480,479,479,479,478,477,478,479,480,480,482,483,483,484,484,484,485,486,485,484,484,485,486,486,487,489,490,490,489,488,488,488,488,490,491,490,488,486,485,484,485,486,487,487,488,490,492,493,493,494,496,497,496,496,497,497,498,499,499,499,500,499,499,499,500,501,502,503,503,503,502,503,505,506,507,506,506,506,505,503,503,504,506,507,508,508,510,509,507,505,506,508,512,514,514,513,514,516,518,518,517,517,517,516,516,518,520,521,523,524,525,525,524,523,523,523,522,520,521,523,524,525,524,522
451,451,451,451,451,451,452,453,453,454,454,455,455,454,454,453,453,454,454,455,456,457,457,456,455,454,455,455,455,456,456,457,458,457,457,456,457,457,459,459,458,456,457,459,460,462,463,463,462,462,462,460,460,460,460,460,462,463,462,463,463,464,465,465,465,466,465,463,463,462,462,462,462,462,462,462,461,462,464,466,466,465,465,464,463,464,465,466,466,465,465,464,464,465,465,465,467,468,468,468,467,466,467,468,468,468,468,468,469,470,471,470,469,470,471,472,473,473,474,476,478,479,478,478,478,478,478,477,477,478,479,480,480,479,479,480,479,479,480,481,481,482,482,483,483,483,483,483,484,484,484,483,484,486,488,489,489,488,488,488,488,488,488,487,488,489,490,489,488,486,485,484,484,485,485,485,486,488,489,490,491,492,494,495,496,495,494,494,496,498,498,497,498,499,500,500,501,502,502,501,500,500,498,499,505,507,506,505,504,504,503,502,503,504,506,507,509,511,511,509,507,506,507,511,514,515,515,514,514,516,518,518,518,518,517,516,516,518,520,520,521,522,523,523,522,521,521,520,519,520,521,523,523,523,522,521
449,450,451,451,451,452,452,453,453,454,454,453,453,453,453,453,454,454,454,455,456,456,456,455,455,455,455,456,456,456,456,456,458,457,456,457,457,457,457,458,458,458,458,459,460,462,462,462,462,463,462,461,460,460,461,461,462,462,462,462,462,463,463,463,463,464,464,464,463,461,460,459,460,461,461,461,461,461,463,463,463,462,463,464,464,465,467,467,467,467,465,464,464,464,464,465,467,467,468,467,466,466,466,467,468,468,467,467,468,470,470,470,470,470,471,473,473,473,474,475,477,478,477,476,476,476,476,476,477,478,479,480,480,480,480,480,480,479,479,480,481,482,483,484,484,483,483,482,483,484,484,483,484,487,489,490,488,488,488,487,487,488,488,489,489,489,488,487,486,485,485,485,485,486,485,484,484,485,488,489,490,490,492,493,494,494,493,494,496,497,496,495,495,496,498,498,499,499,498,497,497,496,495,497,502,505,505,504,504,504,503,503,504,504,506,508,511,512,512,511,509,507,510,512,515,515,515,514,513,515,517,517,518,519,518,516,516,517,519,520,521,522,523,521,520,521,520,520,519,520,521,521,521,521,521,521
450,449,449,450,450,451,452,452,453,453,452,452,452,452,453,453,454,455,455,455,456,456,456,455,454,455,456,457,458,457,457,456,458,457,456,456,455,455,456,457,458,457,457,458,459,461,463,463,464,464,464,464,463,462,462,462,461,461,461,461,461,462,461,461,462,463,463,464,463,462,460,459,460,460,460,460,460,461,462,462,462,462,463,464,465,467,468,468,468,467,465,464,463,463,464,465,467,468,468,468,467,467,467,467,467,467,467,467,468,469,470,470,470,471,472,473,473,473,475,475,477,477,476,475,475,476,477,478,479,479,480,481,481,480,480,479,478,477,477,479,481,482,484,484,485,484,483,483,484,485,485,485,485,487,488,488,488,488,488,488,488,489,490,489,489,488,486,486,486,486,485,485,485,486,486,486,486,486,487,488,488,488,490,491,492,493,493,493,495,495,495,494,493,494,495,497,496,496,495,496,496,496,496,498,502,503,504,503,504,504,504,504,504,505,507,509,511,513,513,512,511,509,511,513,513,515,515,515,515,515,515,515,517,518,518,517,517,517,518,519,520,521,520,519,519,520,520,520,521,521,521,521,521,522,522,522
450,449,448,449,450,451,452,452,452,453,453,452,452,452,453,454,455,455,455,455,455,456,456,455,454,456,457,458,458,457,456,457,457,457,456,455,455,455,456,458,458,457,457,457,459,461,462,463,464,464,465,465,464,463,463,462,461,461,460,460,461,461,460,460,462,462,463,463,463,462,461,460,461,461,461,460,459,460,461,461,462,463,464,465,466,466,467,467,467,466,465,463,462,462,464,465,466,467,468,468,468,468,468,468,467,467,466,467,468,469,469,470,470,471,473,473,473,474,474,475,476,476,476,475,476,476,478,479,480,480,480,480,480,479,478,478,477,477,478,480,482,483,484,484,485,484,484,484,485,485,485,485,485,486,487,487,488,489,488,488,489,489,489,489,488,487,485,486,486,486,486,486,486,486,488,488,488,487,487,487,487,487,488,490,491,492,492,492,493,493,493,493,493,494,495,496,496,495,496,497,498,498,499,501,502,503,503,504,505,505,504,503,504,506,508,510,511,513,513,512,511,511,512,513,514,515,516,515,515,515,515,514,516,517,517,516,516,517,518,518,519,520,519,518,518,519,520,521,522,522,522,521,521,522,524,524
451,449,448,449,449,451,452,452,452,453,453,453,452,453,453,454,455,454,454,454,454,455,456,455,454,456,458,458,457,457,456,457,457,457,456,456,456,456,457,458,458,458,458,458,459,460,461,463,463,463,464,464,463,463,463,463,462,461,461,461,461,460,459,459,460,462,462,463,463,463,461,461,462,462,462,461,459,460,460,461,462,463,465,466,465,464,464,465,466,466,465,463,461,461,463,464,465,467,468,468,469,469,469,468,467,466,467,468,468,469,470,470,471,472,473,473,473,474,474,475,475,476,476,476,477,478,479,481,481,480,480,480,480,479,477,477,477,478,480,482,483,483,484,484,485,485,484,484,484,485,484,483,484,485,486,486,488,488,488,488,488,488,488,487,486,485,485,485,485,485,486,486,486,487,489,489,489,488,488,487,487,488,489,491,492,492,491,491,492,492,492,493,493,494,495,495,496,496,498,499,499,500,501,503,504,504,504,506,506,504,503,503,503,505,508,509,511,512,512,512,512,512,513,514,514,516,516,515,515,515,515,514,516,516,516,516,516,516,518,518,518,518,517,517,518,518,519,521,522,522,521,521,522,523,526,527
451,450,450,449,449,450,450,452,453,453,454,453,452,453,453,454,453,453,452,453,454,455,455,454,455,456,458,457,456,455,456,456,457,456,456,457,458,458,458,457,457,458,459,459,459,460,461,462,462,462,463,463,462,463,463,462,463,462,462,461,461,460,459,458,460,462,463,462,462,462,461,461,462,463,462,461,460,460,461,462,462,463,465,465,464,462,462,463,464,466,465,464,462,461,463,463,465,467,468,469,470,470,470,469,468,467,467,469,469,470,470,471,472,473,473,473,473,473,474,475,476,476,477,477,478,479,480,481,480,479,479,480,481,479,478,477,477,478,481,483,483,483,484,484,485,485,485,484,484,484,484,483,483,484,485,485,487,487,487,487,487,488,487,486,485,484,484,483,483,484,486,486,487,487,490,490,490,490,489,489,489,489,490,492,493,493,492,492,491,491,491,492,494,495,494,494,495,497,498,499,499,500,502,503,504,505,506,507,506,503,502,502,503,504,507,509,510,512,512,512,512,513,514,515,515,516,516,516,516,515,515,515,515,516,515,515,516,516,516,516,516,515,516,517,518,518,519,520,521,521,521,521,521,523,526,527
451,451,451,450,449,449,449,451,452,453,454,454,453,453,453,453,452,451,451,452,454,454,455,454,455,456,456,455,455,454,454,455,456,455,455,456,457,459,458,457,456,457,458,458,459,459,461,462,462,462,462,463,463,463,463,462,462,462,462,462,462,460,459,459,461,463,463,463,463,462,461,461,462,462,462,461,461,462,463,463,463,463,464,463,462,461,462,463,464,466,466,466,464,463,463,464,466,468,469,469,470,470,470,470,469,468,468,469,469,470,471,472,473,474,474,473,472,473,474,475,476,476,477,478,478,478,480,481,480,479,479,480,481,480,478,478,479,480,481,482,483,483,484,484,485,485,485,485,485,485,484,483,483,484,484,484,485,486,486,486,486,487,487,486,484,484,483,482,482,483,485,487,487,488,490,491,491,492,492,491,491,491,491,492,493,493,493,493,493,492,492,492,494,495,495,495,494,495,496,496,498,500,501,503,504,505,506,507,505,503,501,501,502,504,506,508,511,512,512,513,513,513,514,514,515,516,517,518,518,516,516,515,515,516,516,516,517,516,515,515,514,514,516,518,519,519,519,519,520,520,520,520,521,522,524,525
451,452,452,451,450,449,450,451,452,453,454,454,454,454,454,453,452,451,452,454,454,454,454,454,454,454,455,455,455,454,453,454,456,456,456,456,457,459,458,457,456,457,457,457,457,458,460,462,461,460,460,462,464,464,464,463,463,463,463,464,463,462,460,461,462,463,463,464,464,463,462,462,462,461,461,462,463,464,464,464,464,463,463,464,463,462,463,464,464,465,466,466,465,464,463,465,466,469,469,470,472,471,471,471,470,469,469,469,469,469,470,472,472,474,473,472,471,473,474,475,475,476,477,477,477,478,480,480,480,479,480,480,480,480,479,479,480,480,481,481,481,482,484,484,484,485,484,485,485,485,485,484,484,484,483,484,484,485,485,485,486,486,486,484,484,484,483,482,481,482,486,487,488,488,489,491,493,494,493,492,491,491,492,493,493,494,495,495,495,494,493,493,494,496,496,495,495,494,494,495,497,499,501,502,503,504,505,506,505,503,502,501,502,504,506,508,511,512,512,514,514,513,513,514,514,515,517,519,519,518,517,516,515,517,517,517,517,517,516,515,515,515,518,521,521,520,520,520,519,518,519,519,520,521,522,523
451,452,452,451,450,450,450,452,452,453,453,454,455,455,455,453,452,452,453,454,455,455,455,455,455,455,456,456,455,454,453,454,456,456,456,456,458,458,459,457,456,457,457,457,457,458,459,460,460,459,459,461,464,463,463,463,463,463,463,464,463,463,463,462,462,462,463,463,465,465,465,465,463,461,461,462,464,464,464,466,466,465,464,465,466,465,465,465,465,466,466,467,466,464,464,466,468,471,471,470,470,470,470,469,469,469,469,470,470,470,470,471,472,473,473,472,471,473,474,475,475,476,477,477,477,479,479,479,479,479,481,482,481,481,479,480,480,479,479,479,481,483,484,483,483,482,482,483,484,485,485,484,483,483,482,483,482,483,484,484,484,484,484,483,483,483,483,482,481,483,486,487,488,489,491,492,493,493,494,493,492,492,493,493,493,494,495,495,495,494,494,494,496,497,498,497,495,495,495,495,496,497,499,502,503,503,503,504,504,503,503,503,503,503,504,507,510,511,511,513,512,512,513,514,514,515,516,518,519,519,518,517,517,518,519,518,518,517,517,517,517,517,520,522,522,522,522,520,519,519,520,520,520,519,519,520
450,451,451,450,450,451,452,453,453,452,453,454,455,454,453,453,453,453,454,454,455,455,455,455,456,456,456,456,456,455,455,454,456,456,457,457,457,458,458,458,457,457,457,457,458,459,459,458,458,459,460,461,462,461,460,460,462,463,463,463,462,463,463,462,462,463,463,464,465,467,468,467,464,461,461,462,464,464,464,464,464,464,464,465,465,466,466,465,465,465,466,467,466,466,468,471,473,474,472,469,468,468,468,468,469,469,469,469,470,470,470,471,472,473,473,473,472,473,474,474,474,475,476,477,478,479,479,478,478,479,481,481,481,480,479,479,478,478,477,479,483,484,483,482,481,479,480,482,483,483,483,482,482,482,482,482,482,482,483,484,484,484,483,483,482,482,481,480,481,484,486,488,489,492,494,494,493,492,493,493,494,494,494,493,493,494,494,494,494,494,495,495,496,498,498,498,496,495,495,496,496,498,500,502,502,501,502,503,503,503,504,504,505,505,506,508,511,511,511,512,512,512,512,514,515,515,516,517,518,518,518,518,519,520,520,519,519,518,518,518,517,518,520,522,522,522,521,521,520,521,521,521,521,520,520,519
450,450,451,450,450,451,452,452,452,452,453,454,454,453,453,454,454,454,453,454,454,454,455,456,456,456,456,456,456,456,456,456,456,457,458,458,457,458,458,459,458,457,457,458,459,459,458,458,458,459,459,460,461,461,459,460,463,464,463,463,463,463,462,461,461,463,463,465,465,466,467,466,464,462,461,462,463,464,463,463,464,464,464,464,465,465,465,465,465,466,466,467,467,468,470,472,474,474,471,469,468,468,468,468,469,469,468,469,470,469,469,470,471,473,473,473,472,473,474,474,473,474,475,476,477,478,478,478,477,479,480,481,480,479,478,478,477,476,477,479,482,484,483,481,480,480,482,483,483,483,482,482,483,484,484,484,484,484,484,484,485,484,483,483,482,481,480,481,482,485,487,490,492,494,496,496,495,493,492,493,494,495,494,493,493,494,494,494,494,494,495,495,496,498,499,498,496,495,496,497,498,500,501,501,500,500,501,503,504,504,504,505,506,507,507,509,511,511,512,512,513,512,511,512,514,515,516,516,516,517,518,518,519,520,520,519,518,518,518,518,518,518,520,521,521,521,521,521,521,521,521,522,523,523,521,520
449,450,450,450,450,452,452,452,451,451,452,453,454,454,454,455,454,453,453,454,454,454,455,456,457,456,456,456,456,456,456,456,456,456,457,458,457,457,457,458,458,458,457,458,459,458,457,458,458,459,459,460,461,461,460,461,463,463,463,464,463,462,461,460,461,462,464,465,464,465,465,465,463,462,462,462,463,463,463,463,464,464,463,463,464,465,465,465,466,467,467,467,467,468,469,471,472,471,469,468,468,468,467,469,470,469,468,469,470,470,470,470,471,472,472,472,473,473,474,474,474,474,475,476,477,478,479,479,478,479,480,481,480,479,478,478,477,477,477,479,482,483,483,482,481,482,483,484,484,484,483,483,484,485,486,485,485,485,485,485,486,485,483,483,482,481,480,481,483,485,487,490,492,494,495,495,495,493,492,492,494,494,494,494,493,493,494,494,494,494,494,495,496,498,499,499,496,495,495,497,499,500,500,500,499,499,501,503,505,505,506,506,507,508,508,510,511,511,512,513,512,511,510,511,513,515,515,515,515,515,516,517,518,519,519,518,518,519,519,518,518,518,519,521,521,522,522,522,521,521,522,523,524,523,522,523
449,450,450,450,451,452,452,451,451,451,451,453,454,454,455,455,455,454,454,454,454,455,455,456,457,456,456,456,456,456,456,456,456,456,457,457,455,455,456,457,458,458,458,458,458,457,457,457,458,458,459,460,461,461,461,462,463,463,463,464,464,462,461,461,461,462,463,464,463,463,464,464,463,462,462,461,462,463,463,463,464,463,463,463,464,465,465,466,466,467,467,467,467,466,466,467,469,468,467,467,468,468,468,469,470,469,469,470,471,471,470,471,471,472,472,473,473,474,474,474,474,474,475,477,478,479,480,479,478,479,481,481,480,479,478,478,477,477,478,480,483,483,483,483,483,483,484,485,485,485,484,483,484,485,485,485,485,485,486,486,486,485,484,483,483,482,481,482,483,484,486,489,490,491,493,494,493,492,492,493,494,494,494,494,494,493,494,494,494,493,494,495,496,498,499,498,496,495,495,497,499,499,499,499,499,500,501,504,506,507,507,508,509,510,510,510,510,511,511,512,512,511,510,511,513,514,515,515,515,515,516,517,518,519,518,517,519,519,519,519,518,518,519,521,522,523,522,522,522,521,522,522,524,523,524,525
449,450,449,449,451,452,452,451,450,451,452,453,454,454,455,455,455,454,455,455,455,455,455,456,456,456,455,456,456,455,455,455,455,455,456,455,454,455,455,456,457,458,458,458,458,458,457,457,458,458,459,460,460,461,461,462,463,463,463,464,463,462,461,461,462,462,463,462,461,462,463,463,463,463,463,462,461,462,462,462,463,463,462,463,465,465,466,465,466,467,466,465,465,463,462,464,466,466,465,467,469,469,468,468,469,469,470,471,472,472,471,471,471,472,473,474,474,475,475,475,475,476,477,478,479,480,481,480,478,478,480,481,481,480,479,479,477,477,478,480,483,483,483,484,485,485,485,485,486,485,485,484,484,484,484,485,486,487,487,487,487,486,484,484,483,482,481,482,484,484,486,487,488,489,492,492,491,491,492,493,494,494,495,495,495,494,494,494,494,493,494,495,496,497,497,497,496,495,495,497,498,498,498,498,500,501,503,504,506,508,508,508,510,511,511,510,510,511,512,512,511,511,511,512,514,514,514,514,515,516,516,517,518,519,518,518,519,520,520,519,518,518,519,521,523,524,523,523,522,522,522,522,522,523,525,527
450,450,449,450,451,453,452,451,451,452,453,453,454,455,456,456,455,455,455,455,455,455,455,455,455,455,455,455,455,454,455,455,455,455,455,455,454,455,456,457,457,458,458,459,459,458,457,457,457,457,457,459,459,460,461,462,463,463,463,463,463,463,462,461,462,462,462,461,460,461,463,464,465,465,465,465,463,462,461,461,462,463,463,464,465,466,466,465,466,466,465,464,463,461,460,462,464,465,465,467,468,469,468,468,468,469,470,471,472,472,472,472,472,473,473,474,475,476,476,476,477,478,479,479,480,481,481,479,478,478,479,480,480,480,479,478,477,476,477,479,482,482,484,485,486,486,485,485,485,484,485,485,485,484,484,485,487,488,487,486,485,484,484,483,483,482,481,482,484,485,486,486,487,489,491,492,492,491,493,494,495,495,495,495,495,495,495,495,494,493,494,494,495,495,496,496,496,495,497,498,499,499,499,500,501,502,504,506,507,508,507,507,509,511,512,511,511,511,512,513,512,511,513,514,515,515,514,515,516,516,517,517,517,518,517,517,519,520,520,519,518,519,521,522,524,525,524,522,522,522,522,521,522,523,525,527
450,450,450,451,453,452,451,451,452,453,453,453,454,455,456,456,455,455,455,455,455,455,455,456,456,456,455,455,454,454,454,455,456,457,457,456,456,456,457,458,457,457,457,458,458,458,456,456,456,457,456,457,458,459,460,461,461,461,462,462,463,463,461,461,462,462,461,460,459,461,462,464,466,466,467,466,464,462,462,462,463,463,464,464,465,466,466,465,465,466,465,464,462,461,459,461,463,465,466,467,468,468,468,468,468,468,469,470,471,471,472,472,472,473,474,475,475,476,476,476,477,479,480,480,480,481,481,479,477,479,479,479,479,479,479,477,476,476,477,479,480,482,484,485,486,485,485,484,483,483,483,485,486,485,485,486,488,488,486,484,483,482,482,482,481,481,481,482,484,487,488,488,489,490,491,492,492,492,493,494,495,495,494,494,494,496,497,496,495,495,495,494,494,495,496,496,497,497,498,499,500,500,501,502,503,504,506,507,508,508,507,506,509,512,512,511,511,512,512,512,511,512,514,516,517,516,515,517,517,517,517,516,516,517,516,516,518,519,519,519,519,520,522,523,525,525,524,522,521,521,521,521,523,524,525,525
449,449,451,452,453,452,451,451,451,451,451,452,453,454,454,454,455,455,455,455,455,456,456,456,456,455,455,454,453,453,453,454,456,457,457,457,457,458,459,460,459,457,457,457,457,457,456,456,456,457,456,456,457,459,459,460,461,461,462,462,462,462,461,461,462,462,462,460,460,460,462,463,465,465,466,465,464,462,462,463,464,465,465,465,465,465,464,463,464,464,464,464,463,462,461,461,463,465,466,467,468,468,468,468,468,468,468,469,469,470,471,472,472,474,474,474,475,477,477,477,478,479,478,478,480,481,480,478,478,479,479,478,478,478,478,477,475,476,477,478,479,481,483,483,483,484,484,484,483,483,483,484,485,485,485,485,485,485,485,483,481,481,480,480,480,481,482,482,483,485,487,489,491,492,493,493,493,493,495,496,496,495,495,494,494,496,496,495,495,496,496,495,494,496,497,497,498,499,499,500,500,501,502,504,506,507,507,507,507,508,508,508,509,511,512,511,511,512,512,510,511,513,516,518,518,516,516,516,515,515,515,516,516,515,514,514,515,517,518,518,519,520,521,522,524,524,523,521,519,519,520,521,523,524,524,523
449,449,450,452,453,452,451,450,451,451,451,452,453,454,454,453,454,455,455,454,455,455,455,454,453,454,454,455,455,454,453,454,456,456,456,456,457,458,461,460,459,458,458,457,457,457,457,457,457,458,457,456,458,458,458,459,460,461,462,462,462,461,460,460,461,462,463,461,459,459,460,461,461,462,463,465,466,465,463,463,464,466,466,466,466,465,464,464,463,463,463,464,464,462,462,464,465,465,466,468,469,468,468,469,469,468,467,468,468,468,470,471,472,473,473,474,476,477,478,478,478,478,478,479,480,480,479,478,478,479,480,479,477,477,476,475,475,476,478,478,480,481,481,482,483,483,484,484,485,484,483,484,485,485,485,484,483,482,483,483,482,482,481,480,480,481,482,482,481,483,487,489,491,492,493,493,494,495,496,496,496,494,494,494,494,495,494,495,495,496,496,495,495,496,497,498,498,499,500,499,499,501,501,503,505,504,504,505,506,508,509,509,509,510,510,510,510,511,511,511,512,513,516,518,518,517,516,515,513,512,513,515,515,515,514,513,514,516,518,519,519,519,520,521,523,523,523,521,519,518,519,520,522,523,523,524
448,448,450,452,452,452,451,451,451,452,452,453,454,454,454,454,454,454,453,453,454,454,453,452,452,453,455,456,456,455,455,455,456,457,456,456,457,458,460,459,458,457,457,458,458,458,458,458,457,457,457,457,458,458,457,458,460,461,462,461,461,460,460,459,460,462,463,462,460,460,460,460,460,460,462,464,466,465,463,462,462,464,465,465,465,465,465,465,464,463,463,463,463,462,463,464,466,466,467,468,468,467,468,469,469,467,468,468,467,468,469,470,471,472,473,474,476,477,477,477,477,478,479,479,479,480,479,478,478,479,481,480,478,476,475,475,475,476,477,478,480,482,483,483,483,483,484,485,485,485,484,484,485,486,486,485,483,481,480,481,482,482,481,481,481,481,482,481,481,483,487,489,490,492,493,493,494,494,495,495,494,493,493,493,493,494,494,495,495,496,496,496,495,496,496,497,499,500,499,498,499,500,500,502,503,502,501,502,505,507,508,509,509,509,510,511,512,512,512,512,513,513,515,517,517,516,515,514,512,511,512,514,516,516,516,515,515,516,519,520,519,518,519,521,522,523,522,521,519,518,517,519,520,523,524,525
449,449,450,451,451,451,452,452,452,452,452,453,454,454,454,454,454,453,453,453,453,454,453,453,453,454,455,456,456,455,455,455,457,457,457,456,457,458,459,459,457,456,457,458,458,458,457,457,457,457,457,458,458,459,458,459,461,462,462,462,461,461,460,460,462,462,462,461,461,461,461,461,460,461,462,463,464,462,461,460,462,463,464,464,464,464,465,465,464,464,464,464,463,462,462,463,465,466,467,467,467,467,469,470,470,469,469,468,468,468,469,470,470,472,472,474,475,476,476,476,477,477,477,478,479,479,479,477,478,479,480,479,478,476,475,476,476,476,477,478,480,483,484,484,483,483,484,484,485,484,484,484,485,486,486,486,483,480,478,479,480,481,482,482,483,483,482,481,481,483,486,488,489,491,492,493,493,494,494,494,493,493,493,492,493,494,495,495,496,496,496,496,496,496,496,498,499,500,499,498,499,499,500,501,502,502,501,501,504,505,506,507,509,510,511,512,513,512,512,512,512,512,513,515,515,515,514,513,512,512,513,515,516,518,517,516,516,517,519,519,518,519,519,520,521,522,522,522,521,519,517,518,520,522,523,526
449,449,450,451,451,451,451,452,452,452,452,453,453,453,454,454,454,454,453,453,453,454,454,454,454,454,455,455,455,455,454,455,456,456,456,455,456,457,458,458,457,456,457,457,457,457,457,456,457,457,456,457,458,459,459,460,462,463,463,463,463,462,462,462,463,463,461,460,460,461,462,462,462,462,463,464,462,460,459,460,461,462,463,463,464,465,465,465,464,464,464,464,463,462,462,462,463,465,465,466,466,468,470,470,470,470,469,469,468,469,469,470,471,472,472,473,474,474,475,475,476,476,477,479,479,479,478,477,477,479,479,479,477,476,476,477,478,477,477,478,481,484,484,484,483,482,483,484,484,484,484,485,485,485,485,484,481,478,477,478,479,481,482,483,484,484,483,482,482,483,485,487,489,490,492,492,492,493,493,493,493,493,493,493,493,495,495,496,497,497,497,496,496,496,497,498,499,500,500,499,499,498,499,500,502,502,502,503,504,505,505,507,509,511,513,513,512,511,511,511,510,510,511,512,512,513,513,512,512,513,513,515,515,516,516,516,516,517,518,518,517,518,518,518,518,519,521,522,522,520,518,518,520,521,523,525
449,450,450,451,451,451,451,451,452,452,452,453,453,453,453,453,453,454,454,453,454,454,455,455,455,455,455,455,455,454,454,454,455,455,455,455,455,456,458,458,457,457,457,457,456,457,457,457,457,456,455,456,458,459,460,461,463,463,464,464,464,464,463,464,465,462,460,458,459,460,461,462,462,463,464,464,462,460,460,460,461,461,461,462,464,466,467,466,465,464,464,464,465,464,463,462,463,464,464,464,466,468,470,469,469,470,469,468,468,468,469,470,472,473,472,473,473,474,474,475,476,477,478,479,479,479,478,477,478,479,479,478,477,476,476,476,477,478,478,479,482,483,484,483,482,482,483,484,484,483,484,484,484,484,482,481,479,476,476,477,479,481,482,483,484,484,484,483,484,484,485,487,488,489,491,491,491,491,491,493,494,494,493,493,493,494,495,497,498,498,498,497,496,496,497,498,500,500,500,500,499,498,497,499,501,502,503,505,505,505,505,507,509,511,513,513,511,511,510,509,508,508,508,508,509,511,510,510,511,512,513,513,513,514,514,515,516,517,516,515,515,516,516,515,514,515,518,520,521,521,520,519,520,521,522,524
450,450,450,451,451,451,451,451,452,452,452,452,452,452,452,453,453,454,454,454,454,454,455,455,455,455,455,455,454,453,454,454,454,455,455,455,455,457,458,458,457,457,457,457,456,457,457,458,458,457,455,455,458,460,461,461,461,462,463,464,464,463,463,465,465,463,460,459,460,460,460,461,462,463,464,464,462,462,461,460,460,460,460,462,465,467,467,466,466,465,465,465,466,466,465,463,463,463,464,465,466,468,469,468,468,469,469,468,468,468,469,471,472,474,474,473,473,474,474,476,477,479,480,479,479,479,478,478,478,479,479,478,478,477,476,475,476,477,479,481,482,483,483,482,482,483,483,484,483,482,482,482,482,481,479,478,477,476,477,478,480,482,482,482,483,483,484,484,484,485,485,486,487,489,490,491,490,489,490,492,494,494,494,493,493,494,495,497,498,499,499,498,497,497,498,499,500,499,499,499,499,498,497,499,501,501,504,505,506,506,505,506,508,510,511,511,509,510,510,508,507,505,505,505,506,508,508,509,510,511,512,512,512,511,512,514,515,515,514,513,513,512,512,512,512,512,515,518,520,522,521,521,521,522,523,525
451,451,451,451,451,451,451,451,451,451,452,453,453,452,452,453,453,453,453,454,454,454,454,454,455,456,456,456,455,454,455,456,455,455,456,457,457,457,457,457,457,457,457,457,456,457,458,459,460,458,456,457,459,461,462,462,462,461,461,463,461,460,460,463,464,463,461,460,460,460,461,462,462,463,464,463,463,462,462,461,462,462,462,463,466,467,465,465,464,465,465,465,465,465,465,465,465,465,466,467,467,467,468,467,469,469,468,467,467,469,470,471,473,474,475,474,473,475,476,477,479,480,481,480,480,479,479,479,478,478,477,477,477,477,476,476,476,478,480,481,482,482,482,481,482,483,483,483,482,481,480,480,479,479,478,478,477,477,477,479,481,483,482,481,482,483,484,486,486,486,485,485,487,488,490,491,490,489,490,492,494,495,494,493,493,494,495,497,498,499,499,499,498,498,499,499,499,497,497,498,498,498,497,498,499,500,502,504,505,505,505,506,506,507,509,509,509,509,510,508,505,504,503,504,505,507,508,509,509,510,510,510,510,511,511,512,514,514,513,513,511,510,510,510,510,511,513,517,520,522,523,522,523,523,524,526
450,450,451,451,451,451,451,450,451,451,452,454,454,453,453,454,453,453,453,453,454,454,454,454,456,457,457,457,456,456,457,457,456,457,459,459,458,457,456,456,456,456,456,456,456,457,458,458,460,460,459,460,461,463,463,463,461,459,459,460,459,458,459,461,463,463,462,461,461,461,462,461,462,463,464,463,463,462,462,463,463,463,464,465,465,464,463,464,464,464,464,463,462,462,463,464,466,467,468,468,467,467,468,468,469,469,469,468,467,468,470,471,472,474,474,473,473,475,476,477,478,480,481,481,480,479,478,477,477,476,476,475,476,476,477,477,478,478,479,480,481,482,483,483,482,483,482,481,480,480,479,477,476,476,477,477,477,476,477,480,483,482,481,481,482,484,485,486,487,487,486,485,486,488,490,491,492,491,492,493,494,495,495,495,494,496,497,498,498,499,499,499,499,499,500,499,498,497,497,498,499,499,498,497,497,498,500,501,503,503,504,503,503,504,507,508,508,509,507,505,503,503,502,503,506,508,510,509,509,509,509,510,511,511,511,512,513,513,514,514,513,511,511,509,510,511,513,517,521,523,523,524,524,524,524,525
449,450,451,451,451,451,451,451,451,451,452,454,454,454,454,453,453,453,453,453,454,454,454,454,455,456,456,456,456,457,457,457,457,458,459,459,458,456,455,456,456,456,456,456,456,456,457,458,459,461,461,461,461,462,462,462,461,459,457,458,459,459,459,460,461,462,462,462,463,464,463,462,460,461,463,464,463,463,463,463,463,463,464,465,464,463,463,464,464,464,464,462,461,461,462,464,466,467,468,467,465,466,468,469,470,470,469,468,468,469,470,471,471,472,473,473,474,475,476,477,477,477,478,478,479,479,478,476,474,473,474,475,475,476,477,478,478,478,479,479,479,482,483,482,481,480,479,478,478,478,478,476,476,477,477,477,476,477,478,481,482,482,481,481,483,485,486,486,486,486,485,486,487,488,489,490,492,492,492,492,493,494,495,496,496,497,498,499,499,500,501,501,500,500,500,499,498,497,497,499,500,499,498,498,497,497,498,500,500,501,501,499,499,501,503,506,508,506,505,503,503,503,504,505,506,508,511,512,511,510,509,511,512,513,513,513,513,514,514,516,517,517,513,510,510,511,512,515,519,523,523,524,524,524,523,524
449,450,451,450,451,451,452,451,451,451,452,453,454,455,454,453,453,453,454,454,455,454,454,453,453,454,454,455,455,456,457,457,457,457,457,457,457,455,455,456,456,456,456,456,457,457,457,458,460,461,461,460,460,461,462,462,462,460,459,459,460,460,459,459,460,461,462,463,465,465,465,462,460,461,462,463,463,463,463,462,462,461,462,462,462,461,462,463,464,464,463,461,462,463,463,464,465,466,465,465,464,466,468,470,471,470,469,469,469,470,471,469,469,470,471,472,474,476,477,477,477,476,476,476,477,478,478,476,474,473,474,475,475,476,477,478,479,479,478,478,478,480,481,480,479,478,477,476,477,478,478,477,477,477,477,477,477,479,479,481,482,482,481,482,484,486,486,486,485,485,485,486,487,488,489,490,490,491,491,491,493,494,495,495,496,497,498,498,499,500,501,501,500,500,499,497,495,494,495,498,499,499,499,498,497,496,497,498,499,499,498,497,498,499,500,504,506,505,504,503,504,505,506,506,507,509,512,514,514,512,513,514,515,515,515,515,515,516,516,518,519,519,517,513,512,513,513,515,517,521,522,522,522,522,523,523
450,451,451,450,450,451,452,452,452,452,452,453,454,454,453,452,453,454,454,454,454,454,454,453,453,453,454,454,455,456,456,457,457,456,456,456,456,456,456,456,456,456,457,457,457,457,457,458,459,460,460,459,460,461,462,463,461,460,458,459,461,461,460,460,460,461,462,463,464,465,465,463,461,460,462,463,463,463,463,462,461,460,460,460,459,460,460,462,463,463,462,461,462,464,464,464,464,465,464,464,465,466,469,471,471,470,469,469,470,471,471,469,468,469,470,473,475,477,478,477,476,475,474,474,475,476,477,477,476,475,475,475,475,476,478,479,480,479,478,478,478,479,480,479,477,477,476,476,478,477,477,477,478,478,479,478,479,480,480,481,482,482,482,483,484,486,485,485,484,484,484,485,486,487,488,490,491,491,491,492,493,493,494,495,496,496,497,497,498,499,500,500,499,499,499,495,493,492,494,497,499,500,500,499,496,495,496,497,498,498,498,498,498,499,500,503,504,503,503,504,506,508,508,508,509,511,514,516,515,515,516,517,517,517,517,518,518,518,518,518,519,518,517,514,514,514,514,514,517,520,521,521,521,521,523,524
451,451,450,449,449,450,451,451,452,451,452,453,454,453,452,452,453,454,454,454,454,454,454,453,453,454,455,455,456,456,456,456,456,455,455,456,456,457,456,456,456,457,457,457,457,457,458,458,459,459,459,459,459,460,461,461,460,459,458,458,460,460,460,460,461,461,462,462,463,463,464,463,460,460,461,462,462,462,462,462,461,461,460,459,458,459,460,461,461,462,462,463,464,465,465,464,463,464,465,465,466,466,469,470,470,469,469,469,470,472,471,470,469,470,472,474,476,477,477,477,476,476,476,475,475,475,476,477,476,477,476,475,474,475,477,479,479,479,478,478,477,478,478,478,477,476,476,477,478,478,478,478,479,480,480,480,480,480,480,481,481,482,482,483,485,485,484,483,483,484,484,485,486,487,489,491,491,491,492,492,493,493,493,493,493,493,495,496,496,497,497,497,498,498,498,494,491,491,493,496,499,501,500,498,495,495,496,496,497,499,501,502,502,501,501,502,502,502,502,504,507,509,509,509,510,512,514,516,516,517,518,518,517,517,517,518,519,519,519,518,518,517,516,515,515,515,515,515,518,521,521,520,519,520,522,525
