1403,1433,1452,1468,1493,1522,1552,1586,1610,1628,1635,1640,1645,1652,1656,1656,1657,1660,1661,1661,1658,1647,1633,1617,1602,1585,1569,1560,1552,1541,1534,1531,1525,1511,1499,1496,1495,1489,1478,1469,1464,1460,1460,1459,1456,1450,1441,1438,1437,1435,1431,1420,1408,1402,1401,1396,1389,1383,1377,1375,1372,1367,1360,1353,1348,1343,1340,1338,1337,1335,1333,1335,1346,1353,1351,1349,1351,1354,1355,1351,1344,1336,1331,1326,1321,1314,1307,1304,1298,1287,1282,1283,1287,1287,1284,1275,1266,1261,1260,1257,1252,1245,1237,1234,1234,1236,1237,1237,1240,1242,1240,1232,1226,1226,1231,1242,1254,1263,1266,1267,1261,1248,1235,1233,1241,1248,1256,1258,1251,1244,1243,1250,1261,1269,1268,1257,1250,1253,1254,1253,1255,1263,1281,1299,1314,1320,1322,1326,1331,1335,1336,1338,1344,1350,1357,1363,1370,1383,1401,1429,1456,1478,1496,1512,1526,1539,1554,1563,1561,1552,1545,1545,1548,1553,1562,1564,1560,1550,1523,1501,1489,1478,1466,1457,1453,1448,1442,1439,1433,1423,1414,1413,1417,1423,1427,1426,1415,1399,1384,1370,1355,1345,1337,1327,1311,1300,1298,1297,1286,1268,1250,1237,1228,1215,1202,1195,1188,1173,1144,1124,1115,1094,1064,1050,1024,1006,995,984,971,967,967,972,974,967,969,979,983,990,1002,1019,1043,1062,1076,1088,1100,1111,1123,1133,1145,1168,1193,1211,1226,1247,1274,1292
1404,1427,1448,1469,1498,1529,1555,1583,1608,1628,1646,1660,1667,1671,1676,1679,1678,1673,1669,1663,1655,1641,1628,1614,1598,1579,1562,1554,1544,1533,1529,1525,1517,1505,1492,1490,1489,1485,1478,1474,1472,1471,1471,1471,1468,1461,1453,1450,1445,1439,1431,1417,1405,1401,1400,1395,1391,1389,1388,1387,1380,1371,1362,1356,1352,1348,1345,1343,1341,1341,1340,1343,1354,1360,1357,1353,1352,1351,1348,1344,1338,1332,1327,1322,1317,1307,1299,1297,1296,1291,1291,1292,1293,1294,1291,1285,1277,1272,1271,1270,1263,1254,1246,1240,1235,1233,1231,1230,1229,1229,1229,1224,1220,1220,1223,1233,1241,1251,1255,1256,1252,1243,1233,1232,1238,1244,1251,1253,1247,1240,1237,1244,1254,1262,1262,1252,1244,1245,1248,1249,1255,1265,1279,1295,1306,1310,1309,1312,1319,1323,1325,1329,1338,1348,1356,1364,1373,1387,1406,1429,1454,1475,1494,1513,1531,1549,1561,1568,1570,1567,1563,1563,1565,1569,1576,1576,1572,1561,1535,1518,1508,1497,1482,1474,1470,1466,1461,1458,1450,1440,1433,1432,1435,1439,1440,1436,1424,1408,1396,1387,1375,1362,1352,1342,1330,1319,1313,1308,1297,1280,1259,1246,1242,1231,1217,1211,1202,1190,1164,1146,1131,1113,1097,1072,1030,1007,999,984,969,963,961,961,962,966,982,990,991,998,1011,1025,1043,1059,1080,1100,1116,1130,1142,1152,1161,1174,1194,1212,1229,1253,1281,1302
1402,1421,1445,1468,1499,1526,1552,1579,1599,1618,1649,1673,1685,1691,1694,1694,1689,1679,1669,1658,1647,1631,1621,1613,1599,1578,1560,1550,1539,1532,1530,1527,1522,1516,1504,1496,1493,1488,1485,1485,1485,1485,1483,1482,1476,1468,1460,1454,1447,1437,1426,1411,1404,1403,1401,1396,1395,1398,1401,1401,1389,1373,1362,1360,1358,1354,1350,1346,1343,1347,1351,1353,1358,1362,1361,1357,1352,1349,1345,1342,1337,1332,1326,1320,1316,1306,1300,1299,1302,1303,1303,1301,1297,1296,1296,1294,1290,1286,1283,1279,1271,1262,1255,1250,1244,1238,1232,1226,1223,1221,1222,1219,1216,1216,1217,1224,1230,1236,1239,1242,1241,1236,1229,1227,1232,1238,1245,1246,1241,1233,1230,1236,1244,1251,1251,1243,1236,1241,1247,1253,1259,1268,1278,1289,1296,1299,1300,1304,1311,1315,1319,1326,1337,1348,1358,1369,1380,1396,1413,1430,1447,1469,1488,1505,1526,1550,1562,1569,1573,1576,1576,1578,1580,1583,1587,1587,1583,1571,1548,1532,1523,1514,1503,1492,1487,1483,1478,1472,1466,1460,1458,1456,1457,1458,1457,1447,1435,1420,1413,1407,1395,1384,1369,1355,1348,1340,1332,1322,1309,1296,1277,1264,1255,1246,1231,1221,1213,1200,1179,1160,1136,1114,1097,1074,1036,1011,1002,983,967,962,958,953,952,965,988,993,998,1009,1016,1025,1038,1051,1075,1100,1120,1137,1158,1170,1178,1184,1201,1219,1238,1262,1292,1315
1406,1422,1446,1468,1495,1521,1549,1573,1591,1611,1644,1677,1694,1702,1703,1700,1694,1681,1667,1654,1641,1624,1617,1614,1603,1583,1569,1559,1548,1541,1542,1539,1538,1536,1525,1514,1508,1503,1497,1497,1497,1497,1494,1488,1478,1468,1459,1452,1442,1431,1419,1409,1407,1407,1406,1402,1403,1405,1405,1402,1388,1372,1362,1364,1365,1361,1354,1347,1346,1353,1359,1359,1361,1365,1364,1359,1353,1350,1350,1349,1343,1336,1331,1323,1318,1313,1310,1311,1314,1315,1314,1307,1300,1298,1300,1300,1298,1296,1288,1282,1273,1267,1264,1261,1254,1245,1237,1229,1223,1221,1221,1220,1217,1214,1214,1217,1220,1222,1223,1228,1229,1226,1223,1222,1228,1234,1237,1236,1232,1228,1227,1229,1232,1236,1237,1233,1233,1240,1248,1255,1261,1266,1273,1279,1287,1289,1294,1300,1307,1312,1318,1327,1337,1346,1356,1369,1382,1399,1414,1427,1444,1466,1484,1499,1518,1542,1557,1566,1574,1582,1585,1586,1588,1590,1595,1595,1593,1583,1564,1550,1539,1528,1522,1514,1508,1502,1498,1492,1485,1480,1484,1482,1481,1479,1473,1460,1447,1433,1427,1423,1413,1402,1386,1369,1364,1358,1350,1339,1321,1314,1303,1288,1269,1257,1236,1222,1212,1196,1176,1155,1134,1113,1094,1074,1041,1018,1010,990,970,962,958,951,949,961,978,985,1004,1022,1031,1036,1041,1048,1065,1092,1117,1138,1163,1183,1194,1200,1212,1228,1247,1272,1302,1324
1414,1424,1442,1463,1488,1514,1542,1563,1583,1605,1636,1673,1694,1703,1704,1700,1693,1679,1666,1653,1638,1623,1618,1616,1605,1592,1583,1574,1562,1557,1557,1556,1552,1548,1541,1532,1526,1520,1512,1511,1510,1505,1499,1489,1477,1466,1457,1449,1438,1426,1417,1413,1411,1410,1408,1406,1405,1402,1399,1392,1378,1369,1368,1372,1377,1371,1361,1353,1353,1359,1363,1363,1365,1368,1366,1359,1355,1355,1357,1358,1352,1345,1339,1330,1324,1324,1323,1322,1322,1320,1317,1309,1301,1300,1302,1301,1297,1294,1286,1280,1274,1274,1273,1268,1260,1250,1242,1236,1230,1227,1227,1225,1221,1215,1213,1213,1214,1214,1215,1217,1217,1216,1217,1219,1225,1228,1227,1223,1221,1221,1223,1225,1224,1226,1229,1231,1235,1241,1247,1251,1254,1259,1264,1272,1280,1284,1291,1298,1305,1313,1320,1328,1335,1344,1355,1365,1377,1393,1408,1424,1444,1466,1484,1497,1514,1534,1550,1563,1574,1583,1587,1586,1586,1589,1596,1600,1598,1590,1578,1569,1558,1546,1540,1534,1526,1521,1518,1514,1506,1502,1504,1499,1493,1486,1474,1462,1448,1433,1427,1425,1420,1410,1396,1383,1377,1372,1365,1357,1341,1334,1325,1304,1280,1268,1242,1219,1204,1188,1167,1146,1127,1106,1089,1069,1041,1027,1022,1006,977,965,961,952,947,956,961,974,1001,1030,1052,1057,1056,1053,1064,1087,1111,1129,1158,1184,1202,1215,1226,1240,1256,1276,1300,1322
1428,1433,1442,1457,1484,1510,1532,1552,1572,1601,1633,1666,1690,1702,1703,1699,1690,1679,1667,1656,1642,1631,1628,1624,1614,1603,1594,1584,1573,1571,1573,1571,1563,1554,1546,1540,1534,1529,1523,1522,1519,1509,1501,1489,1478,1467,1458,1447,1434,1424,1419,1416,1415,1413,1408,1404,1400,1394,1391,1385,1376,1375,1382,1387,1388,1377,1366,1361,1360,1364,1366,1366,1368,1373,1370,1362,1359,1360,1363,1364,1360,1354,1349,1342,1336,1336,1334,1330,1328,1324,1320,1313,1307,1306,1304,1301,1296,1292,1285,1283,1280,1280,1277,1270,1261,1253,1247,1243,1239,1235,1233,1232,1228,1220,1215,1214,1214,1213,1211,1209,1207,1207,1210,1215,1218,1219,1214,1211,1211,1213,1218,1220,1219,1224,1232,1237,1241,1243,1246,1246,1248,1253,1260,1269,1279,1286,1292,1297,1302,1311,1318,1324,1330,1341,1353,1362,1371,1384,1401,1419,1441,1464,1482,1493,1506,1525,1547,1561,1571,1581,1581,1577,1575,1579,1590,1597,1597,1592,1586,1579,1572,1564,1554,1544,1538,1532,1528,1526,1521,1516,1514,1502,1490,1478,1465,1452,1438,1424,1418,1414,1411,1406,1397,1387,1379,1374,1370,1365,1359,1351,1335,1308,1288,1275,1248,1216,1196,1180,1156,1134,1113,1094,1079,1060,1041,1033,1026,1012,980,964,960,954,948,954,937,958,989,1028,1059,1075,1076,1070,1070,1086,1101,1117,1145,1172,1194,1214,1231,1244,1258,1274,1292,1312
1454,1455,1454,1458,1480,1508,1529,1547,1566,1595,1625,1656,1684,1699,1702,1698,1691,1681,1672,1666,1658,1651,1646,1640,1632,1619,1609,1596,1585,1586,1588,1583,1570,1556,1545,1538,1531,1529,1526,1521,1519,1509,1501,1492,1482,1472,1461,1446,1431,1422,1420,1419,1418,1413,1405,1399,1395,1389,1387,1387,1385,1390,1397,1399,1394,1378,1368,1366,1365,1369,1371,1372,1375,1378,1376,1370,1367,1367,1371,1373,1369,1364,1361,1356,1352,1349,1345,1341,1339,1335,1330,1328,1324,1319,1311,1305,1299,1295,1291,1290,1287,1282,1276,1268,1259,1253,1248,1246,1244,1241,1239,1240,1237,1230,1224,1221,1221,1219,1213,1206,1203,1202,1204,1208,1209,1208,1206,1205,1207,1211,1215,1216,1219,1229,1238,1242,1243,1244,1244,1244,1248,1254,1261,1268,1278,1287,1293,1295,1298,1307,1314,1318,1325,1340,1350,1358,1368,1381,1399,1418,1436,1459,1477,1490,1500,1522,1547,1554,1559,1566,1565,1559,1557,1561,1573,1584,1588,1590,1588,1583,1579,1572,1556,1544,1538,1532,1526,1524,1521,1515,1509,1493,1479,1463,1452,1439,1423,1411,1405,1395,1394,1394,1391,1382,1371,1365,1363,1361,1359,1354,1335,1308,1290,1274,1245,1215,1194,1175,1142,1119,1097,1078,1064,1048,1037,1030,1019,1000,972,956,954,954,950,941,922,948,978,1021,1059,1083,1093,1093,1090,1092,1100,1114,1136,1159,1179,1201,1224,1240,1256,1269,1285,1305
1485,1485,1480,1475,1482,1503,1525,1547,1569,1596,1620,1647,1676,1696,1701,1700,1696,1689,1686,1684,1678,1667,1659,1653,1645,1636,1625,1608,1597,1595,1593,1585,1571,1556,1540,1530,1523,1520,1517,1512,1510,1504,1499,1493,1485,1472,1459,1443,1430,1422,1419,1419,1416,1409,1402,1397,1394,1391,1392,1396,1400,1405,1407,1406,1396,1382,1372,1370,1371,1376,1380,1382,1384,1384,1383,1381,1378,1375,1379,1384,1383,1378,1374,1369,1363,1358,1356,1354,1354,1352,1347,1346,1342,1332,1322,1313,1306,1302,1299,1295,1290,1282,1274,1265,1257,1253,1251,1250,1248,1246,1249,1252,1249,1243,1235,1232,1233,1230,1222,1213,1210,1207,1203,1203,1201,1200,1199,1203,1206,1211,1213,1213,1220,1231,1237,1240,1240,1241,1241,1243,1249,1256,1263,1268,1275,1284,1289,1291,1295,1304,1311,1317,1324,1337,1346,1356,1367,1382,1401,1418,1432,1455,1474,1489,1504,1527,1543,1545,1544,1546,1544,1540,1539,1542,1552,1564,1573,1579,1581,1579,1575,1567,1552,1540,1532,1522,1516,1514,1508,1502,1493,1478,1463,1447,1436,1424,1405,1394,1384,1373,1374,1376,1374,1369,1358,1350,1347,1344,1345,1344,1329,1305,1287,1266,1234,1212,1193,1169,1132,1109,1088,1069,1052,1036,1027,1020,1005,984,963,948,948,951,948,919,924,948,973,1008,1049,1078,1095,1104,1110,1113,1117,1124,1136,1152,1169,1190,1213,1235,1255,1270,1284,1300
1514,1513,1505,1495,1494,1503,1522,1547,1578,1609,1626,1641,1666,1693,1702,1706,1706,1703,1702,1698,1689,1673,1662,1655,1648,1637,1627,1610,1599,1593,1587,1577,1566,1554,1535,1522,1514,1509,1502,1500,1499,1496,1493,1486,1478,1465,1452,1443,1433,1424,1420,1418,1413,1406,1400,1399,1397,1398,1402,1409,1413,1414,1412,1407,1398,1388,1380,1377,1379,1385,1391,1393,1395,1395,1392,1389,1387,1384,1387,1394,1398,1394,1386,1378,1369,1365,1367,1369,1371,1369,1364,1361,1356,1345,1331,1321,1316,1311,1303,1296,1290,1281,1273,1268,1261,1258,1256,1255,1252,1252,1260,1265,1262,1253,1244,1245,1248,1245,1237,1229,1224,1217,1208,1202,1197,1194,1192,1197,1201,1204,1207,1212,1222,1229,1233,1233,1235,1237,1239,1244,1250,1256,1262,1266,1269,1274,1280,1285,1291,1299,1308,1314,1321,1334,1345,1356,1367,1384,1405,1420,1432,1449,1470,1486,1504,1526,1533,1535,1535,1531,1527,1526,1526,1527,1533,1543,1556,1564,1567,1564,1560,1555,1547,1534,1521,1509,1503,1499,1493,1487,1480,1463,1446,1431,1421,1405,1388,1375,1364,1356,1357,1355,1351,1347,1335,1327,1321,1320,1326,1326,1315,1296,1277,1251,1221,1206,1187,1164,1132,1108,1084,1064,1045,1028,1017,1007,992,970,953,941,942,947,946,930,941,958,979,1007,1037,1065,1085,1100,1117,1131,1140,1144,1148,1155,1168,1188,1208,1230,1251,1270,1285,1299
1535,1535,1527,1515,1511,1515,1527,1548,1584,1619,1635,1641,1661,1688,1704,1713,1716,1715,1713,1709,1697,1678,1663,1654,1643,1630,1618,1603,1593,1586,1577,1567,1559,1548,1531,1519,1509,1502,1496,1493,1490,1487,1483,1478,1469,1458,1450,1443,1436,1428,1422,1417,1411,1405,1402,1403,1404,1407,1414,1421,1422,1420,1414,1408,1401,1393,1387,1385,1386,1394,1401,1405,1408,1409,1403,1398,1397,1396,1397,1402,1409,1408,1398,1387,1377,1376,1379,1382,1386,1386,1380,1372,1364,1354,1338,1326,1322,1317,1307,1297,1290,1283,1279,1276,1271,1264,1258,1255,1253,1259,1271,1274,1268,1257,1252,1259,1262,1260,1253,1243,1233,1224,1215,1208,1202,1195,1190,1190,1191,1193,1201,1214,1225,1228,1227,1227,1231,1234,1238,1245,1250,1253,1258,1262,1263,1265,1270,1278,1286,1296,1304,1310,1318,1333,1348,1360,1371,1390,1411,1424,1436,1454,1473,1483,1498,1518,1522,1526,1528,1519,1511,1512,1513,1513,1516,1524,1535,1543,1544,1543,1542,1541,1537,1523,1509,1497,1490,1483,1474,1469,1463,1447,1428,1413,1404,1388,1372,1356,1344,1341,1336,1334,1331,1323,1310,1302,1298,1301,1310,1312,1304,1291,1268,1242,1216,1202,1181,1161,1138,1108,1083,1063,1042,1024,1010,999,982,960,945,937,936,941,946,947,952,963,989,1019,1040,1061,1079,1096,1118,1139,1156,1163,1167,1170,1178,1192,1209,1226,1244,1264,1281,1296
1553,1557,1554,1544,1536,1532,1534,1548,1577,1613,1634,1645,1661,1689,1710,1720,1722,1721,1721,1716,1703,1683,1666,1652,1639,1625,1612,1599,1589,1580,1569,1559,1551,1542,1532,1523,1515,1509,1505,1495,1488,1485,1482,1477,1470,1463,1457,1449,1440,1432,1424,1417,1413,1411,1409,1412,1414,1418,1427,1433,1431,1427,1419,1413,1409,1400,1394,1390,1394,1405,1413,1418,1421,1423,1419,1413,1412,1410,1409,1412,1418,1418,1410,1400,1391,1388,1388,1393,1400,1401,1394,1383,1369,1357,1345,1333,1328,1323,1316,1305,1298,1289,1285,1282,1275,1267,1260,1257,1259,1268,1278,1279,1272,1262,1263,1273,1277,1274,1264,1249,1238,1229,1222,1216,1210,1202,1191,1186,1185,1187,1197,1213,1223,1225,1222,1222,1228,1232,1237,1242,1243,1246,1250,1255,1259,1261,1268,1276,1286,1296,1303,1310,1322,1340,1356,1369,1381,1401,1418,1432,1447,1465,1477,1486,1497,1510,1514,1521,1522,1507,1495,1495,1497,1500,1503,1507,1512,1516,1518,1520,1523,1524,1522,1513,1500,1489,1476,1464,1454,1445,1438,1424,1405,1393,1383,1368,1353,1340,1325,1316,1311,1313,1309,1300,1290,1282,1279,1286,1296,1301,1299,1289,1264,1241,1219,1202,1179,1158,1138,1104,1080,1061,1039,1020,1008,996,978,959,946,940,935,944,951,956,959,968,987,1016,1050,1070,1087,1104,1126,1149,1168,1179,1186,1193,1198,1206,1212,1221,1235,1252,1269,1287
1577,1582,1583,1576,1566,1555,1548,1550,1572,1602,1627,1647,1668,1699,1719,1727,1727,1723,1720,1714,1701,1684,1668,1653,1640,1624,1610,1598,1587,1576,1566,1557,1551,1546,1541,1536,1532,1526,1516,1504,1496,1495,1495,1489,1483,1478,1472,1463,1450,1439,1427,1418,1416,1418,1421,1425,1426,1430,1437,1442,1439,1432,1425,1422,1418,1410,1401,1397,1405,1418,1427,1431,1434,1436,1434,1429,1427,1424,1421,1423,1427,1428,1425,1419,1410,1401,1399,1403,1409,1409,1401,1391,1375,1363,1355,1346,1340,1336,1329,1317,1308,1297,1290,1284,1278,1272,1267,1268,1269,1276,1285,1285,1279,1271,1274,1283,1286,1281,1268,1254,1244,1237,1231,1224,1218,1208,1196,1188,1184,1185,1193,1206,1218,1219,1217,1219,1224,1229,1232,1233,1234,1238,1244,1250,1258,1264,1273,1282,1291,1298,1306,1317,1329,1345,1361,1375,1393,1414,1424,1441,1456,1466,1472,1480,1491,1498,1504,1512,1511,1497,1483,1477,1475,1480,1487,1492,1496,1495,1496,1498,1503,1506,1508,1505,1494,1480,1461,1446,1438,1425,1415,1401,1385,1374,1361,1347,1337,1322,1307,1293,1287,1290,1284,1276,1271,1262,1258,1267,1279,1288,1287,1278,1259,1240,1224,1204,1177,1152,1130,1098,1076,1059,1035,1018,1006,992,975,960,950,944,944,970,984,985,984,988,996,1019,1067,1085,1103,1129,1149,1168,1183,1194,1204,1214,1221,1222,1219,1221,1229,1242,1257,1276
1603,1603,1603,1594,1586,1578,1568,1561,1572,1598,1625,1650,1678,1710,1729,1735,1732,1722,1716,1706,1692,1679,1669,1656,1642,1626,1610,1599,1590,1580,1570,1565,1563,1562,1557,1552,1548,1540,1526,1517,1514,1515,1513,1506,1496,1490,1486,1475,1461,1447,1430,1420,1419,1424,1431,1437,1440,1444,1448,1450,1447,1439,1431,1428,1424,1416,1407,1406,1418,1433,1441,1445,1447,1447,1446,1443,1441,1438,1434,1435,1438,1442,1443,1438,1428,1416,1413,1417,1420,1415,1406,1398,1388,1376,1368,1361,1356,1347,1336,1326,1315,1303,1296,1291,1285,1279,1275,1278,1279,1283,1292,1293,1288,1282,1284,1288,1288,1282,1273,1263,1257,1251,1243,1235,1227,1218,1207,1195,1184,1182,1188,1200,1210,1214,1216,1218,1220,1222,1224,1225,1229,1236,1245,1254,1264,1270,1277,1288,1294,1302,1313,1324,1333,1347,1360,1375,1397,1416,1426,1441,1456,1466,1465,1466,1474,1484,1492,1499,1501,1493,1478,1464,1452,1452,1459,1472,1479,1478,1478,1478,1482,1488,1497,1497,1487,1472,1451,1430,1423,1410,1396,1382,1369,1357,1345,1332,1320,1305,1291,1279,1269,1268,1260,1252,1248,1241,1240,1246,1255,1263,1261,1255,1245,1238,1228,1204,1174,1139,1114,1091,1072,1053,1030,1013,1001,985,968,956,950,948,965,999,1019,1023,1021,1022,1026,1049,1079,1092,1113,1152,1175,1189,1203,1219,1230,1238,1243,1240,1234,1231,1233,1241,1254,1271
1623,1621,1615,1605,1598,1592,1584,1579,1583,1601,1628,1658,1687,1717,1734,1740,1734,1723,1712,1697,1684,1675,1666,1654,1641,1627,1611,1601,1598,1591,1584,1582,1581,1579,1575,1567,1559,1551,1540,1534,1532,1532,1528,1517,1506,1498,1493,1481,1465,1448,1431,1422,1422,1430,1440,1449,1455,1461,1463,1463,1459,1451,1440,1434,1428,1419,1412,1415,1431,1446,1456,1462,1462,1460,1459,1457,1454,1452,1449,1448,1450,1454,1457,1453,1444,1431,1428,1431,1431,1425,1417,1411,1404,1390,1379,1373,1364,1352,1339,1330,1320,1311,1305,1301,1291,1281,1279,1283,1287,1291,1299,1301,1297,1292,1291,1293,1292,1286,1281,1278,1273,1268,1260,1247,1239,1231,1220,1201,1185,1179,1183,1196,1206,1210,1213,1215,1214,1215,1218,1223,1232,1245,1256,1267,1274,1277,1282,1288,1294,1305,1319,1329,1336,1348,1359,1374,1393,1409,1420,1434,1451,1457,1453,1450,1450,1464,1480,1489,1494,1489,1474,1455,1441,1431,1436,1450,1459,1462,1463,1463,1466,1473,1484,1487,1479,1466,1444,1420,1408,1394,1378,1366,1353,1342,1330,1317,1304,1291,1279,1267,1254,1247,1238,1229,1224,1221,1221,1218,1222,1226,1232,1236,1228,1232,1224,1200,1170,1124,1104,1090,1069,1050,1028,1010,994,976,962,951,945,951,980,1005,1023,1045,1056,1058,1058,1065,1076,1086,1117,1164,1187,1207,1227,1245,1259,1264,1267,1264,1257,1253,1252,1253,1259,1269
1643,1639,1630,1623,1618,1612,1604,1602,1606,1616,1635,1666,1695,1720,1735,1740,1735,1725,1711,1693,1681,1674,1663,1653,1641,1632,1619,1611,1609,1606,1603,1601,1598,1594,1588,1580,1571,1564,1556,1550,1544,1536,1530,1522,1510,1500,1494,1481,1464,1444,1430,1422,1426,1436,1450,1462,1470,1477,1479,1478,1471,1462,1451,1444,1435,1425,1420,1426,1444,1458,1469,1478,1479,1477,1472,1470,1468,1465,1463,1461,1461,1465,1468,1466,1456,1441,1438,1440,1441,1437,1435,1430,1421,1405,1393,1384,1373,1356,1343,1334,1326,1320,1317,1308,1294,1281,1278,1285,1291,1298,1305,1309,1306,1301,1299,1301,1301,1296,1293,1290,1286,1279,1270,1257,1249,1240,1228,1208,1186,1176,1177,1189,1201,1205,1208,1209,1208,1211,1218,1226,1239,1254,1267,1278,1287,1289,1294,1294,1297,1307,1321,1330,1338,1348,1359,1377,1395,1405,1413,1427,1441,1442,1437,1432,1432,1448,1468,1481,1489,1484,1468,1448,1433,1420,1424,1433,1440,1445,1447,1448,1452,1461,1471,1476,1471,1459,1437,1416,1400,1384,1370,1357,1344,1332,1321,1309,1295,1283,1271,1256,1243,1232,1221,1210,1200,1197,1195,1190,1194,1201,1211,1215,1212,1216,1211,1188,1164,1130,1112,1097,1075,1056,1034,1012,991,974,962,949,943,949,974,997,1018,1045,1067,1078,1077,1076,1077,1090,1136,1178,1200,1223,1243,1259,1275,1284,1288,1287,1283,1279,1276,1271,1270,1274
1658,1655,1649,1644,1638,1628,1621,1621,1625,1634,1649,1675,1703,1724,1737,1741,1737,1724,1712,1696,1686,1679,1670,1662,1651,1644,1636,1630,1625,1623,1620,1618,1613,1604,1595,1586,1576,1569,1562,1557,1547,1532,1524,1515,1503,1493,1486,1478,1463,1444,1432,1424,1430,1443,1459,1471,1481,1489,1492,1487,1479,1471,1464,1457,1446,1434,1429,1435,1453,1467,1481,1492,1495,1492,1488,1486,1485,1482,1478,1475,1472,1475,1477,1475,1464,1451,1451,1454,1454,1455,1454,1449,1439,1424,1412,1398,1384,1364,1349,1340,1335,1330,1324,1310,1293,1281,1280,1287,1295,1303,1312,1315,1313,1310,1308,1312,1312,1307,1303,1299,1294,1287,1276,1265,1255,1244,1231,1212,1190,1176,1174,1182,1194,1199,1200,1202,1204,1209,1218,1227,1241,1255,1267,1279,1290,1300,1307,1308,1307,1312,1322,1330,1339,1352,1365,1383,1397,1402,1409,1418,1426,1426,1420,1415,1417,1434,1457,1475,1482,1478,1464,1443,1426,1415,1413,1415,1419,1424,1424,1423,1431,1444,1457,1465,1464,1454,1437,1419,1402,1385,1371,1359,1347,1336,1326,1311,1296,1283,1267,1251,1238,1223,1209,1194,1179,1171,1168,1169,1175,1184,1189,1191,1194,1198,1193,1174,1157,1138,1120,1102,1081,1064,1041,1016,990,976,963,945,935,939,962,987,1011,1036,1063,1079,1088,1094,1096,1119,1168,1195,1217,1234,1251,1271,1293,1305,1308,1308,1306,1304,1299,1292,1288,1288
1674,1671,1667,1661,1654,1644,1638,1637,1641,1649,1662,1684,1708,1729,1741,1745,1738,1726,1721,1711,1701,1693,1686,1678,1668,1660,1655,1650,1643,1636,1633,1629,1621,1610,1597,1585,1574,1566,1559,1554,1543,1527,1516,1505,1493,1482,1477,1473,1461,1447,1435,1428,1434,1449,1463,1477,1489,1498,1499,1495,1487,1481,1478,1472,1458,1444,1437,1441,1455,1471,1488,1499,1504,1505,1503,1502,1503,1500,1495,1491,1487,1486,1486,1483,1476,1466,1465,1471,1473,1471,1467,1460,1451,1437,1423,1407,1391,1374,1358,1347,1343,1340,1327,1310,1293,1285,1286,1293,1300,1307,1316,1319,1318,1317,1317,1320,1319,1315,1313,1307,1299,1293,1283,1273,1261,1246,1231,1214,1197,1182,1175,1177,1185,1189,1191,1193,1198,1205,1214,1222,1235,1247,1260,1272,1285,1299,1311,1317,1321,1325,1328,1332,1344,1361,1373,1382,1392,1397,1402,1405,1407,1408,1403,1399,1401,1418,1444,1463,1469,1469,1459,1442,1426,1411,1400,1396,1398,1401,1398,1397,1412,1428,1443,1456,1461,1453,1440,1427,1411,1395,1380,1369,1361,1349,1336,1321,1302,1285,1269,1256,1244,1223,1203,1181,1163,1153,1148,1144,1150,1162,1168,1171,1173,1176,1171,1160,1144,1130,1116,1096,1079,1062,1043,1019,994,982,967,943,930,939,957,980,1005,1026,1048,1071,1091,1113,1126,1149,1177,1201,1228,1244,1260,1284,1309,1323,1330,1330,1327,1323,1319,1314,1308,1305
1688,1688,1686,1681,1674,1663,1657,1656,1661,1667,1677,1692,1712,1731,1742,1746,1743,1737,1738,1729,1719,1709,1700,1691,1681,1673,1667,1663,1656,1645,1637,1631,1622,1611,1594,1582,1571,1563,1554,1546,1536,1520,1508,1499,1491,1479,1472,1468,1459,1448,1438,1434,1440,1451,1463,1480,1495,1505,1507,1504,1497,1491,1488,1481,1466,1450,1440,1442,1455,1476,1493,1504,1513,1516,1513,1513,1517,1518,1515,1509,1504,1500,1495,1491,1486,1480,1480,1484,1487,1480,1470,1461,1453,1437,1422,1404,1392,1379,1363,1353,1347,1342,1327,1313,1300,1294,1297,1301,1305,1310,1315,1317,1317,1319,1321,1323,1323,1321,1319,1309,1300,1292,1281,1272,1261,1244,1228,1212,1202,1191,1179,1173,1176,1180,1182,1185,1193,1201,1210,1217,1226,1239,1252,1266,1280,1295,1312,1324,1333,1338,1339,1338,1349,1368,1375,1376,1381,1386,1387,1387,1386,1386,1382,1385,1393,1407,1431,1449,1454,1455,1452,1443,1430,1412,1391,1382,1378,1377,1377,1382,1398,1412,1425,1441,1448,1447,1443,1436,1423,1410,1397,1387,1379,1365,1348,1335,1318,1297,1283,1268,1257,1235,1209,1177,1157,1142,1132,1124,1123,1135,1145,1151,1150,1150,1148,1142,1130,1117,1101,1083,1068,1044,1034,1025,1007,993,978,957,944,944,955,970,988,1010,1032,1058,1083,1111,1137,1161,1184,1200,1228,1251,1269,1288,1313,1332,1344,1346,1347,1343,1340,1336,1328,1324
1702,1705,1706,1704,1701,1691,1685,1684,1689,1695,1698,1706,1719,1733,1741,1747,1750,1750,1749,1740,1728,1717,1706,1696,1686,1677,1670,1667,1659,1647,1636,1626,1616,1606,1592,1578,1568,1560,1549,1538,1526,1514,1505,1500,1497,1487,1475,1466,1459,1449,1440,1439,1444,1453,1463,1479,1496,1508,1513,1512,1506,1498,1491,1483,1470,1453,1442,1442,1458,1482,1499,1512,1523,1525,1523,1524,1530,1535,1534,1526,1521,1514,1506,1499,1495,1492,1490,1490,1489,1478,1465,1457,1447,1433,1416,1400,1390,1381,1369,1358,1349,1339,1326,1317,1310,1308,1309,1308,1308,1308,1308,1310,1311,1314,1317,1320,1321,1321,1317,1306,1297,1285,1272,1262,1251,1236,1224,1212,1207,1199,1186,1175,1172,1174,1176,1179,1187,1196,1206,1213,1221,1231,1245,1258,1271,1288,1310,1324,1334,1343,1346,1343,1349,1362,1365,1362,1365,1367,1365,1366,1365,1362,1361,1372,1387,1398,1418,1435,1440,1442,1444,1442,1434,1416,1391,1375,1365,1357,1355,1366,1382,1392,1406,1421,1430,1437,1443,1443,1434,1425,1415,1405,1393,1378,1363,1348,1333,1313,1300,1282,1267,1246,1223,1185,1161,1140,1126,1114,1105,1108,1119,1128,1127,1126,1126,1122,1117,1103,1084,1069,1050,1022,1008,1014,1008,996,984,969,958,952,954,956,965,992,1019,1047,1072,1098,1128,1158,1182,1197,1222,1249,1270,1288,1309,1329,1344,1352,1360,1362,1358,1351,1343,1340
1715,1722,1726,1725,1722,1716,1710,1709,1713,1721,1723,1727,1734,1743,1748,1752,1757,1756,1748,1737,1724,1714,1702,1692,1684,1674,1669,1664,1657,1646,1632,1617,1606,1599,1588,1575,1566,1558,1545,1532,1520,1511,1505,1502,1499,1491,1477,1467,1459,1449,1441,1443,1449,1456,1464,1478,1494,1508,1516,1517,1511,1504,1494,1484,1472,1456,1446,1449,1465,1484,1502,1518,1530,1532,1532,1534,1540,1546,1545,1538,1531,1524,1515,1504,1496,1490,1488,1487,1482,1470,1456,1447,1438,1425,1410,1398,1390,1381,1372,1361,1350,1339,1327,1319,1317,1317,1315,1311,1307,1303,1300,1300,1302,1305,1309,1312,1314,1315,1310,1301,1293,1281,1267,1253,1239,1228,1225,1221,1217,1209,1195,1181,1173,1170,1170,1173,1180,1188,1196,1204,1213,1223,1234,1244,1256,1275,1298,1314,1328,1341,1346,1345,1347,1350,1348,1347,1348,1346,1344,1347,1347,1342,1341,1355,1372,1390,1406,1418,1422,1424,1428,1432,1430,1416,1393,1375,1358,1345,1337,1344,1358,1371,1391,1408,1414,1424,1435,1439,1435,1426,1422,1417,1399,1383,1372,1354,1338,1325,1315,1295,1273,1252,1227,1193,1170,1149,1130,1111,1095,1091,1096,1099,1104,1103,1102,1097,1096,1086,1066,1047,1026,1006,985,988,991,987,978,968,960,952,952,950,961,985,1010,1039,1067,1091,1115,1144,1172,1192,1215,1241,1263,1281,1302,1320,1337,1349,1362,1369,1368,1363,1355,1353
1722,1732,1738,1739,1741,1738,1732,1728,1731,1740,1745,1750,1752,1756,1759,1759,1759,1754,1742,1727,1714,1702,1689,1680,1675,1670,1668,1661,1651,1642,1626,1609,1597,1591,1583,1575,1565,1555,1541,1525,1513,1506,1503,1497,1492,1486,1475,1465,1459,1452,1446,1449,1453,1459,1467,1479,1494,1508,1518,1522,1517,1511,1501,1489,1475,1462,1454,1460,1473,1485,1501,1518,1530,1535,1538,1541,1546,1551,1548,1541,1535,1528,1517,1502,1490,1480,1477,1475,1470,1459,1443,1433,1424,1413,1404,1397,1390,1380,1370,1359,1349,1340,1326,1318,1317,1316,1311,1306,1303,1298,1294,1293,1295,1299,1302,1304,1305,1305,1303,1296,1289,1279,1265,1248,1235,1229,1233,1236,1233,1222,1205,1189,1176,1168,1166,1170,1177,1182,1186,1192,1204,1216,1224,1231,1243,1261,1279,1297,1315,1329,1338,1343,1346,1344,1339,1336,1333,1327,1325,1329,1331,1325,1325,1337,1358,1383,1396,1399,1401,1402,1408,1417,1419,1410,1395,1378,1356,1341,1327,1324,1330,1348,1374,1391,1394,1405,1419,1424,1421,1416,1416,1411,1398,1386,1373,1359,1345,1335,1326,1306,1281,1258,1228,1200,1178,1158,1135,1111,1090,1077,1074,1075,1080,1080,1079,1073,1066,1061,1043,1020,1001,989,969,964,968,972,966,958,955,950,954,953,966,995,1017,1041,1065,1088,1109,1129,1157,1181,1203,1226,1247,1268,1287,1307,1327,1341,1356,1366,1369,1369,1363,1358
1722,1731,1737,1743,1750,1752,1749,1746,1747,1755,1761,1765,1766,1763,1762,1757,1753,1747,1732,1717,1703,1688,1675,1668,1663,1662,1662,1655,1643,1635,1621,1603,1590,1584,1578,1571,1558,1546,1535,1516,1505,1503,1501,1494,1488,1482,1476,1469,1464,1459,1455,1456,1459,1465,1473,1484,1497,1510,1520,1524,1522,1515,1506,1494,1480,1470,1462,1465,1478,1488,1500,1514,1526,1534,1540,1544,1551,1554,1550,1541,1535,1525,1512,1497,1482,1469,1462,1459,1454,1444,1429,1418,1409,1399,1395,1394,1389,1380,1369,1357,1347,1336,1322,1317,1315,1311,1300,1297,1294,1291,1290,1289,1290,1294,1294,1291,1291,1293,1296,1295,1290,1278,1264,1248,1239,1238,1246,1251,1246,1235,1215,1195,1179,1170,1165,1166,1171,1174,1177,1184,1197,1208,1217,1226,1235,1247,1263,1279,1297,1313,1326,1338,1346,1344,1337,1328,1316,1307,1307,1309,1311,1313,1315,1327,1350,1374,1383,1380,1378,1382,1392,1401,1404,1400,1394,1383,1363,1343,1322,1310,1310,1324,1351,1368,1378,1388,1405,1412,1407,1403,1400,1394,1388,1381,1371,1363,1353,1343,1333,1314,1290,1264,1235,1208,1185,1165,1143,1116,1089,1071,1059,1055,1061,1063,1058,1049,1043,1037,1022,1004,984,965,944,937,943,949,950,945,939,943,954,959,970,1000,1026,1053,1072,1088,1111,1127,1146,1170,1193,1211,1232,1256,1275,1293,1313,1326,1344,1355,1359,1360,1356,1348
1719,1724,1731,1739,1748,1754,1755,1756,1759,1765,1767,1767,1766,1762,1755,1747,1742,1733,1720,1707,1694,1679,1666,1658,1652,1650,1647,1641,1634,1628,1614,1597,1582,1575,1569,1560,1546,1537,1530,1517,1508,1509,1506,1500,1494,1488,1483,1480,1473,1467,1464,1467,1470,1474,1481,1491,1504,1514,1521,1525,1522,1514,1505,1495,1484,1474,1466,1469,1481,1490,1501,1511,1523,1532,1542,1548,1554,1556,1551,1543,1536,1524,1509,1493,1475,1459,1449,1442,1437,1429,1418,1406,1395,1386,1387,1389,1388,1383,1372,1359,1347,1333,1319,1314,1309,1303,1291,1287,1285,1285,1283,1278,1279,1283,1284,1279,1277,1282,1290,1294,1291,1279,1268,1254,1246,1249,1257,1261,1255,1243,1225,1201,1186,1177,1168,1164,1162,1163,1170,1181,1193,1200,1210,1221,1229,1238,1254,1270,1286,1301,1314,1331,1344,1347,1339,1327,1306,1290,1287,1289,1292,1300,1307,1320,1343,1364,1369,1363,1360,1364,1374,1383,1389,1391,1391,1386,1370,1342,1318,1303,1298,1310,1332,1353,1368,1376,1392,1402,1397,1385,1379,1375,1373,1368,1362,1360,1355,1347,1335,1315,1291,1266,1239,1214,1190,1171,1152,1125,1093,1076,1056,1046,1049,1048,1039,1028,1027,1023,1010,996,961,930,915,913,921,929,934,927,920,936,952,966,979,1006,1033,1060,1082,1097,1121,1137,1149,1168,1188,1203,1223,1246,1266,1281,1294,1308,1328,1338,1339,1339,1335,1331
1713,1716,1722,1730,1741,1751,1755,1757,1759,1763,1763,1760,1757,1752,1743,1736,1730,1716,1707,1697,1685,1670,1658,1648,1641,1636,1631,1627,1623,1617,1605,1591,1575,1565,1559,1550,1536,1531,1531,1527,1523,1524,1518,1513,1509,1503,1496,1492,1483,1473,1471,1477,1480,1484,1489,1499,1510,1517,1523,1526,1519,1509,1501,1494,1485,1475,1470,1472,1481,1490,1500,1512,1524,1536,1548,1553,1557,1558,1553,1545,1538,1528,1513,1494,1474,1454,1441,1428,1421,1414,1406,1395,1383,1377,1379,1381,1383,1382,1372,1360,1348,1330,1315,1308,1302,1297,1290,1286,1283,1282,1277,1269,1267,1271,1273,1269,1270,1277,1286,1292,1289,1280,1272,1263,1258,1261,1266,1268,1260,1247,1233,1214,1200,1190,1178,1167,1158,1158,1168,1179,1188,1194,1204,1215,1225,1236,1252,1268,1283,1296,1309,1325,1343,1350,1343,1331,1309,1285,1274,1271,1275,1283,1293,1313,1335,1353,1357,1350,1345,1347,1356,1364,1374,1383,1384,1379,1361,1336,1315,1299,1290,1293,1314,1340,1355,1368,1380,1388,1380,1364,1356,1354,1353,1349,1347,1350,1350,1344,1332,1309,1287,1264,1240,1217,1194,1175,1154,1130,1100,1083,1064,1048,1039,1033,1022,1010,1008,1003,987,970,931,907,898,899,909,919,919,909,917,938,955,970,991,1017,1039,1063,1089,1110,1130,1150,1161,1176,1196,1206,1220,1240,1256,1266,1275,1291,1312,1321,1319,1316,1310,1310
1703,1707,1714,1722,1734,1743,1748,1750,1752,1753,1753,1750,1748,1741,1733,1725,1718,1704,1696,1687,1675,1661,1650,1639,1630,1625,1619,1614,1611,1606,1598,1586,1570,1559,1554,1545,1537,1539,1542,1542,1542,1537,1530,1525,1523,1516,1506,1498,1488,1476,1474,1482,1487,1493,1499,1507,1515,1520,1526,1527,1518,1507,1499,1492,1484,1476,1475,1477,1482,1491,1504,1518,1532,1545,1556,1560,1562,1558,1553,1545,1537,1530,1517,1499,1479,1457,1440,1422,1409,1400,1393,1386,1376,1371,1370,1370,1372,1372,1366,1356,1345,1329,1313,1304,1297,1295,1293,1288,1284,1282,1274,1265,1261,1262,1261,1260,1264,1272,1281,1288,1287,1282,1278,1272,1269,1270,1272,1269,1260,1249,1238,1226,1213,1203,1192,1177,1163,1160,1167,1175,1183,1190,1196,1205,1222,1238,1254,1266,1280,1295,1307,1320,1344,1351,1342,1329,1311,1287,1269,1258,1261,1269,1281,1303,1325,1344,1348,1334,1325,1326,1336,1349,1362,1372,1370,1362,1345,1330,1314,1294,1278,1274,1293,1318,1337,1353,1364,1371,1362,1348,1339,1333,1329,1327,1332,1338,1340,1335,1324,1302,1280,1261,1241,1219,1197,1175,1152,1130,1107,1089,1071,1053,1035,1026,1013,1000,992,976,960,941,917,901,894,893,899,909,908,910,926,948,963,982,1007,1034,1050,1071,1095,1113,1132,1161,1181,1197,1213,1218,1227,1240,1251,1253,1260,1272,1289,1299,1302,1296,1286,1286
1695,1698,1706,1715,1726,1734,1737,1740,1741,1741,1741,1741,1740,1734,1726,1717,1707,1696,1689,1680,1668,1657,1646,1635,1625,1620,1611,1604,1599,1595,1588,1579,1567,1563,1559,1553,1551,1557,1558,1557,1553,1545,1537,1531,1527,1519,1507,1497,1488,1479,1478,1488,1496,1504,1511,1518,1521,1525,1530,1529,1519,1508,1500,1493,1486,1484,1485,1486,1489,1498,1514,1527,1542,1552,1560,1566,1565,1558,1551,1540,1532,1526,1516,1499,1481,1462,1443,1422,1407,1393,1385,1379,1373,1368,1362,1358,1359,1360,1357,1350,1342,1331,1316,1306,1298,1294,1293,1288,1284,1281,1274,1267,1263,1259,1256,1253,1256,1264,1273,1280,1280,1280,1281,1279,1275,1273,1272,1266,1258,1249,1240,1231,1221,1213,1204,1187,1168,1162,1164,1169,1180,1185,1189,1199,1219,1237,1253,1264,1277,1295,1309,1319,1337,1343,1333,1320,1304,1284,1264,1253,1254,1262,1275,1294,1314,1326,1323,1309,1303,1307,1317,1333,1349,1359,1356,1347,1330,1318,1302,1281,1263,1262,1278,1300,1319,1335,1349,1358,1355,1340,1328,1319,1312,1307,1310,1318,1325,1324,1315,1298,1274,1256,1240,1219,1197,1173,1152,1129,1109,1091,1074,1059,1037,1031,1021,1002,986,964,949,934,918,902,897,895,894,900,911,925,942,961,977,1000,1028,1055,1070,1089,1107,1129,1147,1173,1199,1216,1222,1225,1229,1235,1241,1240,1245,1254,1266,1276,1280,1272,1264,1264
1690,1695,1699,1706,1717,1722,1724,1726,1727,1728,1728,1729,1729,1724,1718,1709,1700,1691,1685,1676,1666,1660,1652,1641,1631,1621,1608,1598,1591,1584,1579,1574,1570,1575,1576,1572,1572,1574,1572,1567,1557,1547,1539,1530,1523,1514,1506,1496,1490,1485,1486,1496,1506,1515,1523,1530,1532,1533,1536,1532,1520,1509,1502,1497,1494,1495,1497,1498,1502,1513,1525,1536,1548,1557,1564,1568,1564,1555,1546,1533,1524,1517,1508,1493,1475,1461,1443,1426,1413,1397,1385,1379,1375,1369,1360,1353,1349,1349,1346,1343,1340,1332,1321,1312,1303,1298,1292,1287,1283,1280,1277,1277,1273,1266,1259,1254,1252,1256,1262,1266,1269,1274,1279,1279,1273,1267,1264,1260,1255,1247,1240,1233,1225,1218,1208,1190,1169,1160,1160,1166,1176,1181,1186,1198,1215,1234,1250,1265,1279,1298,1313,1323,1332,1332,1324,1313,1298,1277,1259,1250,1248,1255,1268,1285,1301,1302,1296,1291,1290,1293,1301,1317,1334,1346,1345,1335,1316,1302,1283,1264,1250,1252,1266,1287,1304,1323,1337,1345,1342,1330,1318,1309,1298,1288,1284,1293,1307,1315,1310,1295,1277,1255,1236,1217,1194,1171,1152,1133,1115,1097,1083,1076,1053,1042,1035,1010,985,964,947,932,917,905,899,898,901,906,928,939,954,973,993,1016,1039,1064,1085,1107,1121,1150,1169,1190,1207,1217,1216,1214,1214,1218,1221,1220,1224,1234,1249,1254,1251,1247,1245,1247
1684,1691,1693,1697,1705,1710,1711,1712,1715,1716,1718,1717,1716,1713,1710,1703,1697,1691,1687,1680,1674,1672,1665,1654,1641,1627,1610,1600,1593,1587,1584,1581,1582,1591,1594,1593,1593,1588,1581,1571,1558,1549,1540,1527,1516,1507,1503,1500,1496,1494,1494,1503,1514,1525,1535,1543,1545,1545,1544,1537,1526,1516,1511,1508,1506,1508,1508,1508,1515,1524,1533,1540,1552,1562,1566,1566,1559,1549,1538,1525,1516,1507,1498,1484,1466,1451,1436,1424,1416,1404,1393,1385,1379,1374,1366,1355,1347,1340,1335,1334,1333,1330,1322,1316,1311,1307,1299,1293,1289,1287,1286,1289,1286,1279,1271,1260,1254,1252,1252,1253,1256,1264,1270,1271,1265,1257,1252,1250,1248,1243,1235,1227,1222,1216,1206,1188,1168,1158,1157,1160,1166,1173,1181,1192,1210,1231,1250,1269,1285,1300,1314,1326,1334,1332,1324,1313,1297,1270,1251,1242,1237,1246,1263,1279,1290,1292,1287,1283,1281,1277,1282,1302,1324,1336,1333,1324,1306,1287,1268,1252,1241,1242,1256,1273,1291,1311,1323,1329,1328,1319,1307,1296,1282,1271,1269,1275,1292,1305,1305,1293,1277,1256,1235,1218,1194,1174,1158,1143,1126,1109,1097,1093,1074,1056,1038,1013,986,964,947,930,914,905,899,901,920,925,948,959,971,987,1010,1032,1048,1069,1094,1117,1133,1154,1176,1193,1205,1206,1193,1188,1187,1193,1199,1197,1199,1211,1226,1228,1224,1222,1226,1230
1678,1683,1686,1687,1692,1697,1700,1701,1701,1704,1707,1707,1706,1706,1704,1702,1699,1696,1694,1691,1687,1683,1675,1664,1649,1633,1614,1606,1602,1602,1602,1601,1602,1606,1607,1607,1607,1601,1587,1573,1559,1551,1540,1524,1512,1507,1510,1512,1510,1506,1504,1512,1522,1532,1543,1552,1556,1554,1549,1541,1532,1525,1521,1520,1520,1519,1515,1513,1521,1530,1538,1545,1557,1566,1567,1564,1555,1542,1530,1517,1509,1500,1487,1471,1457,1442,1426,1416,1410,1404,1395,1385,1377,1373,1366,1354,1345,1336,1328,1325,1323,1321,1316,1313,1313,1310,1307,1306,1302,1299,1298,1300,1299,1293,1281,1266,1259,1254,1249,1245,1245,1250,1256,1260,1257,1249,1242,1240,1239,1235,1227,1220,1215,1210,1200,1185,1167,1156,1150,1149,1154,1162,1172,1185,1207,1228,1249,1268,1287,1303,1313,1322,1329,1329,1324,1312,1293,1262,1241,1228,1224,1236,1258,1279,1287,1282,1275,1271,1266,1258,1267,1290,1314,1324,1323,1315,1297,1275,1258,1241,1229,1229,1246,1264,1280,1293,1307,1314,1312,1305,1294,1281,1264,1253,1252,1261,1275,1290,1296,1288,1274,1256,1238,1224,1202,1185,1172,1156,1137,1120,1109,1104,1088,1066,1040,1012,988,964,945,930,915,905,904,909,936,953,971,981,993,1009,1029,1049,1062,1078,1101,1124,1138,1156,1174,1183,1189,1185,1171,1165,1164,1169,1174,1174,1178,1186,1195,1200,1201,1200,1204,1208
1671,1673,1675,1675,1676,1680,1687,1688,1686,1691,1696,1700,1702,1706,1707,1708,1708,1707,1705,1701,1697,1690,1681,1669,1655,1639,1621,1613,1613,1616,1621,1623,1622,1619,1615,1612,1609,1603,1588,1573,1559,1550,1539,1526,1519,1519,1526,1529,1525,1519,1517,1520,1529,1538,1549,1556,1557,1553,1548,1541,1533,1526,1520,1520,1525,1525,1518,1514,1523,1532,1541,1550,1560,1565,1568,1566,1555,1541,1527,1513,1504,1494,1478,1462,1451,1436,1420,1409,1401,1396,1389,1377,1370,1366,1358,1347,1340,1330,1321,1317,1314,1312,1308,1307,1307,1305,1306,1312,1313,1310,1308,1308,1309,1303,1288,1276,1269,1260,1253,1244,1238,1238,1244,1249,1249,1243,1235,1231,1229,1226,1221,1215,1209,1203,1192,1180,1166,1153,1144,1142,1144,1155,1170,1186,1207,1227,1245,1264,1285,1298,1306,1311,1314,1314,1311,1300,1282,1254,1234,1220,1217,1227,1254,1276,1281,1272,1261,1254,1248,1247,1260,1278,1298,1311,1311,1302,1283,1264,1247,1230,1217,1218,1235,1255,1269,1277,1286,1290,1291,1289,1282,1268,1250,1236,1231,1238,1258,1277,1286,1285,1278,1263,1243,1230,1214,1199,1184,1165,1144,1129,1119,1113,1092,1072,1047,1015,989,965,942,929,915,909,919,926,949,972,988,1002,1017,1033,1051,1068,1084,1095,1110,1127,1137,1148,1158,1169,1170,1163,1153,1147,1143,1145,1150,1153,1159,1163,1166,1172,1175,1174,1177,1190
1661,1661,1663,1661,1659,1665,1672,1671,1671,1676,1685,1693,1699,1707,1711,1714,1716,1715,1713,1710,1706,1698,1686,1673,1660,1644,1630,1624,1625,1630,1638,1641,1638,1631,1621,1613,1604,1596,1584,1571,1559,1549,1542,1537,1534,1536,1541,1541,1536,1527,1523,1527,1535,1545,1553,1556,1553,1547,1541,1536,1531,1520,1511,1511,1518,1519,1514,1511,1520,1529,1539,1549,1558,1562,1565,1564,1557,1545,1531,1516,1505,1491,1475,1461,1452,1439,1424,1411,1401,1395,1384,1373,1369,1364,1355,1343,1334,1323,1315,1311,1308,1306,1303,1302,1300,1299,1301,1310,1316,1315,1313,1311,1309,1302,1289,1282,1274,1265,1257,1246,1236,1232,1237,1242,1242,1238,1231,1223,1219,1217,1215,1211,1203,1194,1184,1174,1162,1150,1142,1140,1143,1154,1173,1190,1208,1225,1243,1258,1277,1286,1291,1294,1295,1295,1294,1285,1271,1249,1231,1217,1210,1221,1251,1272,1274,1261,1247,1236,1229,1236,1250,1262,1282,1296,1293,1284,1270,1255,1240,1222,1208,1208,1222,1244,1257,1263,1264,1266,1272,1275,1269,1256,1239,1224,1214,1220,1238,1253,1265,1278,1280,1269,1248,1232,1218,1202,1186,1165,1145,1131,1121,1112,1091,1071,1047,1018,988,964,942,921,909,914,931,946,965,977,992,1013,1032,1048,1064,1078,1089,1099,1110,1122,1128,1130,1136,1150,1155,1147,1136,1128,1121,1121,1126,1132,1139,1141,1144,1147,1149,1150,1154,1172
1649,1650,1651,1648,1646,1653,1657,1656,1655,1660,1671,1684,1693,1703,1710,1714,1716,1719,1718,1718,1717,1707,1691,1676,1663,1648,1636,1634,1638,1645,1652,1653,1648,1637,1623,1614,1603,1593,1583,1572,1562,1555,1551,1549,1547,1548,1548,1546,1539,1528,1523,1529,1538,1548,1553,1552,1546,1538,1532,1528,1524,1512,1504,1503,1507,1508,1505,1507,1515,1523,1533,1544,1551,1556,1559,1559,1555,1545,1535,1522,1509,1495,1482,1472,1463,1454,1440,1424,1413,1400,1388,1383,1380,1372,1361,1345,1331,1320,1311,1308,1304,1301,1299,1297,1294,1293,1296,1303,1310,1310,1308,1306,1301,1294,1285,1280,1273,1265,1259,1250,1238,1230,1231,1237,1239,1237,1230,1219,1211,1210,1209,1202,1193,1184,1175,1164,1153,1143,1139,1142,1147,1156,1175,1194,1210,1222,1239,1254,1269,1273,1274,1275,1276,1280,1279,1270,1259,1241,1223,1206,1198,1212,1243,1265,1264,1249,1235,1222,1214,1223,1241,1251,1267,1276,1273,1267,1260,1248,1231,1214,1200,1196,1208,1232,1247,1250,1249,1250,1256,1259,1254,1244,1227,1213,1203,1204,1212,1222,1237,1260,1269,1261,1244,1226,1210,1193,1178,1158,1140,1125,1112,1102,1083,1062,1041,1016,986,964,941,909,903,912,926,944,963,973,992,1013,1034,1051,1064,1074,1077,1083,1099,1109,1110,1103,1107,1118,1123,1119,1113,1103,1098,1097,1102,1111,1115,1115,1122,1127,1131,1135,1138,1155
1635,1636,1639,1637,1636,1639,1640,1639,1640,1646,1658,1674,1685,1695,1704,1709,1714,1720,1722,1726,1724,1713,1696,1680,1667,1652,1643,1644,1650,1658,1662,1658,1651,1638,1624,1617,1607,1598,1588,1579,1571,1565,1559,1557,1555,1551,1548,1542,1535,1525,1520,1525,1535,1543,1547,1544,1535,1526,1520,1516,1511,1504,1499,1496,1496,1497,1497,1501,1509,1516,1526,1536,1542,1548,1552,1553,1549,1537,1528,1520,1510,1498,1492,1487,1480,1470,1455,1437,1425,1411,1401,1398,1395,1383,1371,1354,1336,1322,1310,1304,1299,1298,1295,1291,1288,1288,1289,1294,1300,1300,1299,1297,1290,1284,1279,1274,1270,1265,1259,1251,1238,1227,1227,1234,1238,1240,1235,1220,1211,1208,1204,1194,1183,1174,1167,1157,1144,1135,1135,1142,1154,1166,1182,1198,1213,1224,1240,1255,1261,1256,1253,1253,1256,1264,1262,1253,1243,1229,1212,1196,1190,1206,1232,1247,1244,1236,1221,1210,1204,1211,1226,1243,1256,1258,1251,1247,1245,1235,1217,1202,1191,1186,1197,1219,1234,1235,1233,1234,1238,1240,1239,1231,1213,1195,1184,1183,1194,1209,1228,1245,1254,1248,1234,1218,1201,1182,1164,1145,1130,1115,1102,1093,1073,1052,1035,1014,985,964,934,907,902,901,907,923,946,967,989,1009,1027,1045,1056,1062,1067,1075,1085,1091,1083,1072,1076,1081,1083,1082,1077,1072,1070,1070,1074,1083,1086,1088,1100,1106,1111,1117,1124,1150
1623,1621,1623,1623,1623,1623,1623,1622,1625,1636,1651,1664,1673,1685,1694,1701,1709,1719,1725,1730,1727,1716,1700,1687,1674,1661,1656,1658,1663,1668,1666,1658,1649,1637,1626,1622,1614,1603,1595,1588,1582,1576,1567,1563,1560,1551,1542,1534,1526,1517,1511,1519,1530,1537,1539,1532,1520,1512,1506,1498,1493,1492,1490,1489,1488,1488,1489,1493,1500,1507,1516,1526,1533,1538,1542,1543,1537,1525,1516,1511,1502,1493,1492,1490,1486,1474,1460,1446,1436,1425,1417,1411,1405,1392,1378,1363,1347,1332,1317,1303,1294,1294,1292,1287,1283,1282,1282,1283,1287,1289,1288,1285,1278,1275,1272,1267,1265,1261,1256,1248,1235,1225,1222,1230,1238,1243,1239,1227,1219,1213,1206,1194,1181,1171,1165,1155,1142,1133,1139,1153,1168,1179,1193,1204,1216,1233,1246,1253,1250,1238,1231,1231,1237,1246,1244,1237,1231,1220,1204,1190,1187,1204,1223,1228,1227,1220,1207,1200,1195,1194,1210,1233,1245,1245,1235,1229,1227,1218,1203,1189,1179,1175,1186,1207,1219,1220,1218,1216,1218,1221,1224,1216,1195,1174,1163,1166,1182,1201,1221,1236,1241,1234,1223,1212,1198,1178,1155,1137,1122,1107,1096,1089,1069,1046,1031,1014,985,960,929,906,899,892,891,905,925,956,982,999,1011,1026,1039,1045,1050,1059,1071,1073,1061,1048,1044,1048,1051,1051,1045,1043,1041,1042,1047,1057,1061,1066,1077,1087,1091,1098,1115,1147
1609,1605,1606,1608,1607,1607,1607,1608,1612,1626,1643,1655,1664,1677,1685,1692,1702,1715,1723,1728,1727,1719,1706,1694,1684,1674,1671,1672,1674,1673,1664,1652,1639,1629,1621,1619,1612,1602,1598,1596,1592,1587,1577,1569,1562,1549,1537,1527,1516,1506,1501,1510,1522,1530,1530,1521,1508,1498,1491,1480,1476,1478,1481,1483,1481,1478,1478,1481,1488,1496,1505,1518,1527,1531,1532,1531,1525,1514,1504,1497,1487,1481,1481,1480,1476,1469,1462,1454,1444,1435,1429,1421,1410,1397,1382,1368,1355,1343,1329,1311,1296,1293,1288,1283,1279,1277,1275,1273,1274,1278,1278,1275,1270,1268,1264,1259,1259,1256,1250,1242,1231,1221,1218,1227,1237,1240,1237,1234,1229,1223,1212,1200,1187,1176,1168,1157,1141,1133,1143,1164,1180,1185,1196,1207,1220,1231,1240,1242,1236,1226,1217,1210,1213,1219,1220,1220,1221,1213,1198,1184,1177,1185,1211,1221,1219,1206,1193,1187,1183,1184,1202,1224,1234,1232,1224,1218,1212,1203,1188,1176,1167,1165,1176,1193,1203,1204,1202,1195,1195,1200,1206,1198,1178,1158,1148,1151,1167,1185,1203,1215,1219,1217,1212,1208,1198,1180,1160,1143,1122,1106,1096,1086,1069,1044,1027,1010,985,959,925,901,895,888,881,883,898,944,974,985,991,999,1009,1018,1025,1036,1050,1054,1047,1025,1011,1015,1019,1020,1021,1020,1016,1017,1027,1036,1039,1042,1054,1068,1074,1084,1109,1134
1591,1590,1593,1595,1592,1589,1588,1592,1601,1616,1630,1644,1657,1670,1679,1686,1693,1707,1717,1722,1724,1722,1712,1701,1692,1682,1676,1675,1674,1670,1657,1641,1627,1617,1610,1607,1600,1594,1595,1599,1598,1595,1586,1574,1562,1547,1535,1522,1508,1496,1492,1500,1512,1521,1519,1513,1502,1490,1482,1472,1468,1469,1474,1478,1476,1472,1468,1468,1475,1486,1498,1511,1520,1522,1520,1518,1514,1505,1493,1480,1470,1468,1468,1465,1460,1457,1457,1455,1446,1438,1433,1426,1415,1403,1389,1374,1360,1349,1339,1324,1307,1294,1285,1280,1276,1272,1269,1267,1266,1268,1269,1268,1266,1262,1254,1251,1254,1254,1247,1236,1224,1216,1217,1228,1232,1231,1231,1235,1235,1231,1220,1209,1195,1184,1173,1159,1142,1134,1140,1157,1175,1186,1196,1207,1218,1221,1225,1226,1225,1219,1205,1190,1189,1192,1197,1206,1211,1202,1187,1172,1163,1170,1199,1212,1207,1191,1178,1173,1173,1181,1197,1208,1214,1214,1209,1204,1198,1189,1177,1165,1155,1154,1164,1178,1188,1189,1183,1175,1173,1180,1184,1177,1159,1142,1134,1138,1151,1165,1179,1186,1191,1194,1197,1201,1197,1182,1168,1156,1131,1117,1105,1091,1075,1045,1025,1009,986,960,925,902,894,886,876,867,876,913,952,966,965,970,976,982,988,1002,1019,1027,1023,1001,986,987,991,995,997,998,995,994,1002,1012,1016,1025,1040,1051,1059,1072,1095,1119
1573,1576,1583,1584,1579,1575,1574,1579,1591,1606,1617,1631,1650,1666,1675,1680,1685,1697,1710,1716,1720,1719,1713,1702,1694,1682,1675,1669,1665,1661,1648,1630,1616,1604,1597,1591,1587,1585,1588,1595,1597,1595,1586,1572,1558,1544,1534,1518,1500,1487,1485,1493,1503,1510,1510,1509,1502,1491,1481,1472,1466,1463,1467,1473,1475,1469,1462,1457,1464,1477,1490,1503,1509,1510,1506,1502,1500,1493,1481,1464,1454,1454,1454,1450,1444,1442,1446,1448,1443,1435,1429,1422,1415,1406,1394,1377,1362,1351,1342,1333,1318,1300,1287,1279,1273,1268,1263,1261,1259,1260,1261,1262,1260,1254,1245,1244,1249,1252,1245,1230,1216,1209,1212,1219,1220,1220,1223,1227,1231,1230,1223,1215,1201,1187,1173,1157,1141,1135,1139,1148,1164,1180,1189,1195,1202,1206,1208,1209,1211,1208,1192,1178,1173,1176,1184,1193,1195,1189,1175,1162,1156,1169,1187,1198,1192,1177,1167,1162,1165,1177,1187,1189,1190,1191,1189,1187,1184,1179,1168,1155,1145,1139,1149,1164,1176,1175,1165,1156,1155,1161,1163,1154,1139,1126,1119,1121,1132,1144,1151,1157,1165,1171,1178,1187,1191,1183,1175,1164,1144,1131,1116,1101,1079,1050,1031,1012,988,959,927,907,896,885,876,869,865,877,917,935,933,937,946,953,958,969,985,989,989,980,969,964,965,969,974,978,975,973,980,990,996,1011,1033,1045,1050,1064,1085,1112
1557,1561,1567,1568,1566,1564,1565,1570,1583,1598,1609,1622,1644,1662,1673,1680,1684,1693,1703,1708,1712,1712,1708,1698,1690,1679,1669,1660,1654,1650,1637,1620,1606,1592,1583,1577,1574,1574,1579,1585,1589,1586,1578,1565,1550,1537,1528,1511,1491,1481,1481,1487,1495,1501,1503,1504,1500,1489,1481,1473,1463,1455,1458,1468,1472,1465,1453,1446,1452,1467,1482,1496,1499,1499,1492,1486,1484,1476,1465,1447,1436,1439,1441,1436,1428,1424,1430,1437,1436,1429,1420,1415,1410,1402,1389,1374,1360,1348,1339,1333,1323,1308,1293,1284,1275,1266,1259,1255,1253,1254,1253,1254,1252,1245,1237,1237,1241,1244,1237,1223,1209,1203,1202,1204,1208,1209,1210,1211,1216,1219,1217,1215,1204,1189,1176,1159,1143,1136,1137,1142,1154,1167,1174,1176,1179,1183,1189,1192,1192,1184,1175,1167,1160,1160,1165,1172,1177,1178,1165,1152,1151,1159,1173,1184,1180,1167,1156,1152,1153,1164,1172,1172,1172,1172,1170,1169,1170,1167,1158,1146,1135,1125,1135,1153,1163,1162,1151,1140,1137,1142,1143,1135,1122,1111,1104,1102,1109,1118,1121,1125,1135,1146,1154,1164,1172,1178,1179,1168,1147,1135,1119,1104,1079,1052,1032,1011,984,953,923,905,895,887,880,872,869,877,890,901,903,904,913,922,932,944,953,951,954,964,958,948,941,939,946,953,952,952,961,970,976,988,1019,1037,1045,1060,1085,1118
1541,1542,1547,1549,1551,1552,1557,1565,1577,1592,1605,1619,1638,1658,1672,1684,1692,1697,1699,1701,1703,1700,1696,1690,1684,1676,1663,1653,1644,1637,1623,1609,1598,1584,1572,1566,1562,1562,1565,1571,1575,1573,1568,1558,1544,1530,1519,1501,1483,1474,1476,1481,1486,1494,1497,1496,1490,1481,1475,1469,1458,1447,1447,1457,1463,1458,1446,1437,1442,1458,1476,1490,1493,1490,1481,1472,1466,1459,1449,1433,1424,1427,1428,1422,1412,1408,1413,1422,1424,1421,1413,1409,1406,1397,1384,1369,1356,1342,1334,1329,1322,1314,1301,1291,1280,1269,1259,1254,1250,1248,1245,1245,1243,1236,1229,1229,1231,1229,1226,1215,1204,1198,1195,1195,1197,1198,1197,1196,1200,1205,1208,1207,1199,1190,1179,1164,1148,1140,1139,1139,1140,1147,1155,1156,1157,1161,1166,1168,1164,1153,1149,1147,1143,1139,1141,1149,1160,1165,1155,1145,1143,1149,1162,1172,1166,1153,1141,1137,1138,1147,1156,1156,1155,1153,1148,1149,1151,1149,1144,1138,1128,1118,1122,1141,1150,1150,1139,1126,1122,1123,1121,1115,1105,1097,1090,1081,1086,1095,1099,1102,1110,1121,1128,1132,1144,1164,1175,1166,1145,1135,1118,1103,1075,1048,1027,1003,975,947,916,900,894,888,883,875,874,875,870,876,879,880,882,885,896,911,919,920,931,949,947,935,921,916,920,924,928,933,941,951,958,975,1009,1027,1040,1056,1080,1114
1523,1526,1530,1534,1540,1545,1555,1567,1575,1590,1604,1618,1634,1655,1671,1686,1697,1700,1698,1695,1692,1685,1681,1679,1677,1672,1663,1651,1640,1629,1614,1601,1591,1579,1566,1558,1551,1550,1552,1556,1560,1561,1558,1551,1538,1523,1511,1494,1476,1466,1467,1471,1477,1485,1490,1489,1482,1472,1465,1460,1451,1440,1436,1441,1450,1449,1438,1429,1434,1450,1468,1482,1486,1482,1472,1460,1448,1444,1436,1423,1416,1417,1416,1409,1399,1394,1397,1403,1407,1410,1407,1402,1399,1392,1379,1363,1349,1335,1331,1327,1321,1317,1308,1296,1284,1274,1264,1258,1251,1244,1237,1235,1232,1227,1223,1222,1220,1216,1215,1209,1202,1196,1192,1190,1189,1189,1186,1185,1186,1191,1195,1194,1189,1185,1179,1169,1156,1148,1142,1134,1126,1128,1135,1139,1139,1141,1141,1139,1135,1126,1122,1123,1122,1119,1122,1133,1144,1149,1147,1139,1135,1138,1151,1158,1149,1137,1126,1119,1118,1119,1130,1132,1132,1127,1124,1124,1126,1126,1129,1131,1123,1111,1107,1125,1137,1136,1126,1114,1106,1103,1102,1095,1089,1082,1071,1062,1065,1073,1081,1086,1093,1101,1104,1107,1121,1144,1158,1153,1142,1133,1117,1099,1069,1045,1023,994,969,945,914,903,911,911,906,895,890,877,865,870,875,874,867,862,867,879,888,895,912,932,931,917,902,895,895,896,903,913,925,935,946,972,1002,1013,1028,1048,1077,1109
1511,1517,1525,1535,1543,1553,1566,1575,1582,1595,1606,1617,1633,1655,1673,1687,1700,1701,1696,1687,1676,1668,1665,1666,1667,1668,1664,1655,1643,1630,1613,1602,1590,1578,1563,1553,1547,1544,1542,1544,1548,1550,1549,1542,1531,1517,1505,1487,1469,1459,1457,1460,1466,1474,1481,1484,1477,1464,1452,1447,1440,1430,1424,1427,1437,1438,1429,1420,1426,1441,1458,1471,1477,1473,1463,1450,1436,1432,1426,1416,1406,1408,1409,1403,1389,1381,1382,1384,1390,1397,1397,1394,1390,1384,1373,1358,1342,1327,1325,1323,1321,1319,1311,1298,1285,1277,1268,1260,1251,1242,1233,1230,1227,1224,1220,1219,1216,1214,1213,1210,1204,1198,1192,1188,1184,1182,1180,1177,1177,1179,1181,1182,1179,1177,1174,1170,1162,1154,1145,1133,1121,1118,1122,1126,1123,1122,1122,1120,1115,1110,1108,1107,1103,1101,1106,1117,1126,1131,1132,1127,1123,1123,1138,1143,1130,1117,1107,1100,1095,1091,1098,1105,1108,1103,1099,1098,1097,1098,1110,1116,1111,1103,1100,1112,1122,1122,1114,1102,1093,1089,1087,1082,1076,1066,1054,1046,1049,1054,1063,1070,1074,1078,1084,1091,1103,1120,1134,1136,1131,1127,1115,1095,1061,1040,1018,987,967,944,918,922,941,948,944,933,917,903,886,884,887,882,869,860,861,865,866,877,896,913,916,903,887,879,876,876,884,894,910,920,933,956,977,993,1012,1036,1069,1106
1506,1517,1532,1545,1555,1568,1579,1587,1594,1604,1609,1617,1633,1658,1675,1689,1698,1696,1688,1678,1665,1655,1653,1654,1657,1660,1659,1652,1644,1631,1617,1607,1594,1580,1566,1555,1549,1543,1536,1534,1538,1541,1540,1534,1524,1511,1500,1483,1467,1455,1450,1449,1452,1460,1470,1476,1471,1457,1442,1435,1429,1419,1411,1416,1427,1429,1421,1414,1422,1435,1450,1464,1467,1461,1451,1439,1427,1423,1418,1406,1396,1401,1406,1400,1386,1373,1369,1368,1374,1383,1386,1385,1381,1374,1364,1349,1334,1319,1316,1317,1318,1318,1311,1300,1286,1277,1270,1263,1254,1244,1238,1237,1235,1232,1226,1225,1224,1222,1222,1218,1212,1205,1198,1192,1187,1184,1181,1176,1174,1175,1175,1174,1170,1166,1165,1165,1162,1155,1146,1132,1119,1116,1116,1115,1112,1113,1112,1111,1106,1102,1099,1095,1090,1087,1088,1094,1101,1106,1108,1110,1108,1108,1118,1122,1113,1097,1084,1078,1076,1074,1076,1084,1089,1083,1077,1073,1070,1071,1085,1094,1095,1094,1094,1100,1109,1112,1108,1096,1085,1077,1072,1069,1062,1051,1041,1034,1034,1036,1043,1053,1051,1051,1061,1072,1082,1097,1110,1118,1120,1118,1103,1091,1061,1038,1012,981,965,946,928,939,957,965,968,963,950,940,925,911,905,897,886,879,876,861,856,864,876,891,903,890,877,870,864,866,872,876,890,901,910,934,957,978,999,1022,1054,1092
1504,1519,1538,1552,1565,1576,1588,1596,1603,1612,1616,1622,1633,1657,1675,1686,1691,1687,1680,1669,1656,1646,1641,1642,1646,1649,1648,1643,1637,1626,1614,1607,1596,1583,1573,1562,1556,1548,1535,1528,1529,1533,1533,1528,1518,1505,1496,1483,1469,1454,1446,1442,1441,1447,1458,1465,1465,1456,1438,1428,1423,1413,1404,1408,1419,1420,1414,1410,1418,1431,1445,1458,1457,1447,1438,1427,1418,1414,1409,1394,1386,1392,1398,1397,1387,1373,1364,1358,1363,1374,1380,1380,1375,1366,1353,1338,1324,1312,1308,1309,1311,1312,1307,1301,1291,1281,1275,1269,1260,1253,1254,1256,1254,1249,1241,1237,1239,1237,1235,1229,1222,1214,1208,1205,1202,1196,1191,1185,1181,1180,1180,1175,1167,1159,1157,1159,1158,1150,1142,1129,1117,1112,1110,1111,1112,1116,1116,1114,1109,1103,1098,1092,1087,1081,1076,1075,1078,1086,1090,1095,1094,1091,1095,1102,1100,1084,1070,1063,1062,1062,1064,1068,1071,1066,1060,1055,1053,1056,1065,1073,1077,1080,1082,1087,1097,1105,1105,1093,1080,1070,1062,1053,1045,1035,1027,1020,1017,1016,1020,1024,1019,1021,1033,1048,1060,1072,1085,1099,1111,1111,1094,1084,1073,1053,1024,987,961,953,947,951,962,971,978,979,973,966,955,939,926,918,910,904,894,876,866,861,861,871,885,879,872,864,854,855,858,852,868,885,894,919,950,972,991,1014,1047,1080
1501,1518,1535,1549,1564,1575,1586,1596,1605,1616,1624,1631,1640,1659,1676,1684,1684,1680,1669,1655,1646,1637,1630,1628,1632,1636,1636,1633,1627,1614,1605,1601,1595,1587,1580,1571,1563,1552,1536,1524,1522,1525,1526,1522,1512,1499,1489,1482,1470,1454,1445,1439,1435,1440,1451,1460,1461,1456,1441,1430,1425,1414,1401,1400,1407,1410,1407,1405,1413,1427,1440,1451,1449,1439,1428,1417,1408,1405,1399,1385,1377,1382,1389,1391,1385,1371,1360,1354,1359,1369,1377,1377,1371,1357,1341,1327,1314,1306,1302,1300,1301,1302,1302,1299,1293,1285,1280,1274,1266,1262,1268,1272,1269,1263,1253,1251,1254,1251,1246,1239,1231,1226,1223,1223,1219,1212,1207,1201,1197,1194,1188,1179,1168,1160,1155,1153,1148,1140,1134,1126,1117,1112,1112,1117,1121,1127,1130,1129,1124,1117,1110,1102,1095,1085,1075,1071,1072,1076,1078,1080,1079,1076,1080,1087,1087,1078,1066,1060,1057,1053,1053,1055,1056,1053,1050,1048,1050,1051,1054,1059,1062,1065,1069,1074,1084,1096,1100,1091,1079,1068,1056,1041,1031,1024,1015,1005,1003,1002,1000,995,990,998,1008,1022,1034,1043,1057,1078,1096,1099,1090,1074,1079,1069,1050,998,961,960,958,957,965,978,987,989,989,984,972,961,950,940,933,925,913,902,886,872,867,869,874,876,870,859,848,849,845,833,853,875,892,914,941,964,985,1013,1051,1079
1499,1512,1525,1540,1555,1568,1577,1588,1601,1615,1626,1637,1650,1667,1680,1686,1682,1673,1658,1643,1637,1631,1623,1618,1619,1621,1624,1622,1615,1603,1596,1595,1592,1589,1583,1575,1564,1550,1532,1517,1513,1518,1521,1516,1505,1493,1482,1474,1465,1450,1443,1437,1433,1434,1442,1453,1458,1457,1448,1438,1430,1416,1402,1395,1396,1398,1398,1400,1410,1422,1434,1445,1446,1438,1424,1410,1400,1395,1389,1379,1372,1374,1381,1383,1378,1364,1353,1348,1352,1363,1372,1373,1365,1348,1331,1317,1305,1300,1293,1291,1291,1293,1294,1293,1290,1285,1281,1276,1270,1269,1276,1280,1277,1270,1263,1265,1266,1260,1253,1246,1242,1240,1238,1237,1234,1229,1224,1220,1216,1210,1197,1184,1174,1166,1157,1148,1137,1130,1126,1121,1117,1116,1119,1125,1132,1138,1141,1142,1140,1135,1126,1118,1109,1098,1088,1080,1078,1077,1075,1071,1068,1070,1072,1074,1074,1070,1065,1064,1062,1053,1051,1052,1051,1049,1049,1052,1056,1056,1052,1051,1049,1053,1057,1060,1067,1080,1087,1086,1077,1067,1053,1033,1022,1015,1007,999,1000,999,992,985,983,988,990,993,1000,1014,1030,1053,1073,1079,1075,1066,1070,1067,1048,998,967,958,952,950,968,989,1000,1003,1008,1002,991,981,971,964,959,949,937,923,904,890,883,874,872,872,866,858,853,856,846,829,848,873,893,914,939,962,985,1022,1059,1083
1496,1507,1518,1533,1548,1559,1570,1581,1595,1611,1623,1635,1652,1674,1686,1688,1680,1667,1651,1638,1631,1626,1617,1609,1607,1608,1609,1609,1604,1594,1588,1586,1586,1585,1581,1573,1562,1546,1523,1509,1504,1510,1516,1512,1502,1491,1478,1465,1455,1443,1438,1433,1428,1428,1434,1445,1453,1456,1452,1445,1433,1417,1403,1391,1387,1387,1390,1397,1408,1419,1432,1442,1443,1436,1422,1406,1393,1387,1379,1373,1367,1366,1370,1374,1371,1356,1343,1338,1344,1358,1366,1368,1361,1346,1328,1313,1298,1289,1282,1280,1281,1285,1284,1285,1285,1283,1279,1277,1276,1278,1284,1287,1282,1276,1273,1275,1275,1268,1262,1257,1256,1255,1253,1250,1247,1245,1242,1236,1230,1224,1209,1195,1186,1175,1162,1145,1130,1125,1122,1120,1120,1125,1131,1137,1144,1147,1148,1149,1148,1144,1137,1128,1120,1113,1109,1101,1096,1092,1087,1079,1073,1071,1070,1069,1067,1065,1068,1073,1077,1074,1071,1067,1062,1058,1060,1065,1067,1067,1059,1052,1045,1044,1044,1043,1050,1064,1071,1071,1066,1060,1049,1028,1017,1013,1011,1010,1012,1009,1001,993,987,984,981,976,977,990,1006,1024,1045,1061,1066,1060,1059,1056,1031,997,969,951,942,945,968,997,1012,1020,1025,1021,1012,1004,996,991,985,973,962,942,922,905,891,876,868,870,866,865,864,862,844,835,858,885,905,922,949,968,988,1029,1069,1086
1496,1511,1524,1537,1548,1556,1567,1580,1595,1609,1620,1632,1652,1676,1686,1686,1677,1662,1648,1636,1627,1618,1608,1600,1596,1596,1596,1598,1595,1587,1580,1577,1578,1578,1573,1567,1556,1538,1513,1499,1495,1502,1511,1511,1503,1491,1473,1456,1446,1436,1432,1427,1423,1424,1428,1436,1443,1447,1447,1444,1433,1418,1405,1391,1381,1380,1384,1394,1407,1419,1431,1439,1439,1433,1423,1409,1394,1382,1370,1365,1361,1360,1360,1365,1362,1349,1336,1332,1339,1353,1362,1364,1360,1346,1327,1312,1295,1279,1269,1267,1270,1274,1276,1278,1280,1281,1282,1281,1285,1288,1292,1292,1287,1280,1276,1278,1279,1276,1272,1269,1270,1270,1267,1262,1260,1257,1254,1246,1239,1231,1219,1207,1198,1182,1163,1142,1128,1123,1123,1123,1128,1138,1145,1150,1155,1157,1159,1159,1156,1153,1146,1136,1128,1124,1126,1123,1116,1110,1105,1098,1091,1086,1084,1080,1076,1076,1080,1088,1097,1101,1098,1090,1082,1078,1079,1079,1079,1079,1071,1060,1049,1041,1034,1031,1036,1045,1052,1053,1051,1051,1043,1026,1017,1019,1021,1024,1026,1023,1018,1007,999,992,988,979,973,979,987,999,1020,1039,1045,1048,1052,1045,1027,997,965,938,932,946,966,995,1015,1025,1034,1036,1028,1021,1016,1011,1005,996,985,963,938,916,904,888,869,870,879,883,880,858,836,850,882,907,918,934,962,978,996,1025,1068,1085
1502,1523,1538,1549,1555,1562,1571,1585,1604,1619,1628,1639,1655,1675,1683,1680,1670,1658,1647,1635,1623,1611,1602,1594,1590,1587,1588,1590,1589,1581,1571,1568,1569,1570,1564,1558,1548,1531,1507,1493,1489,1493,1502,1506,1501,1488,1469,1453,1442,1433,1428,1422,1418,1420,1422,1426,1430,1434,1437,1438,1430,1419,1408,1393,1380,1376,1380,1390,1404,1416,1427,1431,1428,1425,1420,1411,1400,1384,1367,1358,1354,1350,1348,1352,1351,1342,1331,1328,1333,1346,1356,1358,1355,1344,1327,1312,1295,1278,1263,1258,1261,1264,1265,1267,1271,1278,1283,1286,1293,1297,1296,1293,1286,1276,1270,1272,1279,1279,1277,1277,1278,1278,1274,1270,1267,1262,1256,1248,1241,1231,1219,1210,1199,1178,1158,1140,1128,1124,1127,1131,1140,1149,1154,1160,1168,1172,1174,1171,1165,1160,1153,1144,1137,1135,1136,1135,1128,1119,1115,1113,1111,1109,1108,1103,1098,1097,1101,1107,1114,1118,1119,1112,1103,1096,1093,1092,1091,1091,1080,1067,1056,1046,1035,1028,1027,1030,1035,1037,1039,1040,1035,1024,1022,1028,1031,1033,1033,1031,1028,1026,1022,1014,1006,992,979,973,974,983,1000,1012,1017,1026,1035,1033,1020,994,963,932,925,944,963,990,1010,1024,1042,1050,1044,1039,1033,1027,1023,1017,1003,981,958,940,929,911,889,884,896,897,888,854,845,872,907,927,933,950,977,991,1003,1030,1068,1093
1512,1532,1547,1559,1568,1574,1582,1595,1617,1636,1645,1655,1664,1674,1679,1676,1667,1656,1647,1634,1621,1615,1608,1599,1591,1585,1583,1583,1581,1574,1565,1559,1559,1560,1556,1551,1542,1530,1509,1495,1488,1486,1491,1496,1493,1483,1468,1456,1445,1435,1428,1419,1414,1413,1413,1414,1418,1425,1429,1430,1425,1417,1407,1394,1377,1370,1373,1381,1396,1409,1417,1417,1411,1410,1408,1405,1400,1387,1370,1356,1349,1341,1337,1338,1339,1334,1324,1322,1327,1337,1345,1347,1347,1341,1329,1315,1299,1284,1270,1262,1259,1257,1254,1253,1259,1269,1278,1286,1294,1298,1295,1289,1279,1267,1260,1262,1274,1280,1280,1280,1280,1281,1277,1271,1265,1259,1252,1244,1235,1223,1211,1204,1187,1167,1151,1139,1132,1131,1136,1145,1154,1158,1160,1167,1180,1187,1188,1186,1176,1164,1156,1149,1144,1144,1146,1144,1139,1131,1127,1128,1128,1126,1126,1125,1122,1120,1123,1127,1131,1134,1135,1128,1118,1110,1108,1109,1106,1102,1087,1074,1066,1058,1044,1033,1030,1029,1032,1031,1032,1030,1028,1031,1035,1042,1045,1045,1042,1040,1042,1047,1045,1036,1025,1010,992,976,968,973,982,988,995,1002,1006,1012,1004,986,963,934,929,948,966,988,1010,1030,1051,1064,1065,1062,1057,1049,1043,1035,1019,997,980,966,954,937,922,910,908,901,883,857,861,889,926,944,962,973,993,1006,1016,1043,1075,1123
1521,1537,1552,1564,1576,1586,1595,1607,1626,1641,1654,1665,1673,1679,1681,1678,1669,1658,1649,1639,1631,1630,1625,1613,1599,1590,1583,1579,1573,1567,1559,1552,1552,1552,1548,1544,1538,1532,1516,1500,1491,1482,1479,1482,1482,1475,1465,1457,1447,1438,1430,1420,1414,1411,1408,1408,1412,1417,1421,1421,1416,1410,1402,1389,1372,1364,1366,1374,1389,1400,1404,1401,1394,1392,1388,1388,1389,1383,1373,1362,1352,1342,1335,1331,1330,1326,1318,1315,1319,1325,1331,1334,1336,1336,1331,1322,1309,1297,1284,1274,1266,1257,1248,1245,1250,1261,1270,1279,1286,1290,1289,1282,1270,1258,1251,1253,1266,1276,1279,1280,1280,1279,1274,1264,1256,1250,1242,1233,1225,1214,1202,1194,1174,1155,1145,1138,1137,1141,1149,1158,1165,1167,1168,1175,1189,1198,1202,1201,1188,1171,1162,1155,1151,1152,1157,1158,1153,1148,1145,1144,1142,1141,1141,1142,1143,1143,1146,1147,1147,1147,1145,1138,1127,1123,1127,1127,1124,1117,1100,1089,1082,1076,1062,1052,1048,1045,1044,1040,1037,1034,1039,1052,1053,1058,1059,1057,1053,1054,1058,1060,1057,1048,1034,1018,999,981,971,970,972,973,978,983,985,989,981,966,952,934,937,954,973,1001,1029,1052,1068,1083,1084,1084,1083,1071,1061,1050,1034,1006,992,981,975,962,946,928,916,901,879,858,865,895,929,954,984,1000,1016,1032,1043,1063,1094,1150
1530,1543,1555,1564,1576,1588,1600,1613,1626,1638,1652,1665,1675,1684,1685,1682,1674,1664,1658,1651,1648,1646,1640,1628,1612,1601,1590,1579,1569,1561,1553,1546,1545,1543,1539,1534,1532,1532,1521,1507,1494,1479,1468,1468,1469,1464,1459,1454,1447,1441,1433,1423,1418,1415,1411,1406,1405,1408,1411,1412,1410,1405,1397,1384,1369,1361,1361,1369,1380,1388,1390,1388,1384,1378,1370,1369,1375,1378,1377,1370,1360,1351,1342,1333,1328,1323,1314,1309,1309,1312,1318,1323,1324,1328,1330,1327,1318,1306,1292,1281,1270,1259,1248,1242,1245,1254,1264,1272,1279,1284,1282,1274,1263,1251,1243,1246,1257,1269,1277,1278,1275,1271,1264,1254,1246,1238,1229,1220,1215,1206,1196,1185,1164,1148,1142,1139,1142,1150,1159,1168,1176,1177,1177,1183,1194,1205,1214,1214,1196,1180,1171,1165,1162,1164,1169,1167,1163,1161,1161,1160,1159,1157,1158,1160,1164,1166,1167,1165,1163,1160,1152,1142,1135,1135,1141,1142,1139,1131,1118,1110,1104,1100,1090,1079,1073,1068,1063,1061,1058,1059,1066,1073,1071,1070,1068,1067,1066,1070,1074,1069,1064,1051,1033,1017,1000,987,979,975,972,968,969,972,975,974,961,947,939,935,942,957,984,1016,1047,1075,1092,1102,1102,1108,1108,1095,1081,1065,1046,1010,998,992,987,977,960,939,919,896,872,856,858,886,913,945,983,1019,1042,1056,1068,1082,1105,1141
1537,1543,1548,1555,1566,1580,1594,1607,1620,1632,1644,1658,1672,1684,1687,1686,1682,1675,1672,1670,1667,1662,1651,1641,1627,1611,1595,1580,1569,1560,1552,1543,1540,1537,1530,1524,1524,1526,1521,1510,1495,1476,1466,1461,1457,1453,1448,1445,1443,1441,1436,1427,1424,1420,1415,1405,1399,1401,1405,1409,1409,1405,1399,1387,1372,1363,1359,1362,1368,1373,1378,1379,1378,1371,1364,1361,1365,1372,1374,1371,1364,1358,1352,1345,1338,1329,1317,1308,1302,1300,1304,1310,1313,1320,1326,1325,1319,1307,1294,1280,1268,1258,1245,1237,1240,1249,1261,1271,1278,1283,1277,1266,1257,1245,1237,1241,1251,1264,1276,1275,1266,1259,1253,1244,1237,1230,1221,1210,1205,1196,1187,1175,1157,1147,1144,1144,1149,1159,1169,1178,1185,1188,1189,1191,1200,1212,1223,1221,1205,1189,1181,1177,1175,1177,1178,1173,1169,1171,1173,1174,1176,1179,1181,1181,1184,1185,1186,1183,1180,1170,1155,1147,1145,1150,1155,1156,1150,1140,1135,1132,1128,1123,1117,1106,1097,1090,1087,1087,1086,1088,1089,1091,1088,1080,1074,1076,1081,1087,1090,1080,1069,1053,1032,1015,1005,996,988,981,973,968,966,966,967,963,951,940,937,939,946,963,995,1024,1051,1083,1105,1112,1123,1134,1132,1113,1095,1077,1062,1030,1012,1003,994,981,967,948,923,897,872,853,850,864,897,927,969,1024,1046,1060,1073,1081,1091,1127
1536,1537,1539,1546,1556,1568,1582,1595,1609,1621,1632,1647,1665,1681,1687,1690,1691,1689,1687,1686,1682,1671,1658,1646,1634,1615,1595,1582,1571,1562,1557,1548,1540,1535,1527,1521,1518,1518,1518,1511,1497,1481,1471,1462,1452,1444,1439,1437,1438,1437,1433,1427,1424,1421,1416,1406,1397,1397,1400,1406,1409,1408,1404,1392,1377,1364,1356,1354,1358,1361,1365,1367,1369,1364,1360,1355,1355,1362,1365,1365,1362,1358,1359,1360,1355,1343,1327,1313,1303,1293,1293,1298,1304,1312,1319,1320,1316,1306,1294,1280,1266,1255,1240,1233,1238,1248,1260,1269,1276,1280,1272,1261,1252,1240,1233,1238,1250,1265,1276,1272,1262,1253,1245,1238,1232,1226,1215,1202,1194,1184,1176,1166,1154,1150,1149,1150,1156,1168,1179,1187,1196,1202,1204,1204,1211,1221,1227,1224,1212,1199,1190,1184,1184,1188,1188,1182,1178,1178,1182,1189,1194,1198,1201,1204,1206,1206,1206,1199,1191,1175,1156,1153,1158,1168,1173,1168,1158,1150,1150,1150,1148,1143,1135,1126,1117,1113,1115,1113,1110,1109,1111,1111,1102,1089,1082,1089,1097,1103,1102,1088,1074,1058,1035,1017,1009,1002,995,986,976,970,965,961,961,954,946,939,940,946,952,973,1006,1032,1057,1087,1108,1114,1131,1149,1149,1127,1101,1089,1078,1055,1036,1019,1002,984,967,952,927,908,869,841,837,853,893,924,961,1013,1031,1046,1067,1080,1091,1126
1527,1529,1530,1536,1547,1561,1574,1584,1597,1610,1622,1637,1656,1674,1685,1694,1700,1699,1696,1690,1684,1673,1660,1646,1631,1612,1594,1582,1570,1560,1555,1547,1537,1533,1527,1521,1514,1510,1513,1511,1501,1488,1478,1466,1452,1442,1435,1432,1432,1430,1425,1420,1418,1417,1414,1405,1398,1393,1393,1399,1405,1405,1401,1391,1376,1362,1351,1347,1350,1352,1353,1353,1356,1355,1351,1345,1345,1352,1356,1356,1354,1352,1357,1363,1361,1351,1336,1321,1306,1292,1287,1289,1295,1304,1310,1313,1311,1303,1296,1282,1267,1255,1241,1235,1238,1247,1258,1264,1269,1273,1267,1258,1249,1235,1229,1237,1250,1263,1272,1270,1262,1252,1243,1234,1228,1220,1208,1193,1181,1172,1165,1159,1155,1157,1158,1156,1160,1174,1186,1196,1209,1217,1219,1218,1221,1228,1231,1228,1221,1211,1198,1189,1192,1200,1200,1195,1190,1189,1194,1203,1210,1213,1217,1224,1229,1229,1222,1209,1193,1175,1164,1166,1175,1186,1189,1181,1169,1163,1164,1165,1168,1164,1152,1145,1139,1138,1141,1137,1133,1131,1132,1126,1111,1096,1094,1103,1112,1116,1111,1094,1080,1063,1042,1025,1019,1012,1002,990,977,970,963,960,958,951,949,944,952,961,969,985,1013,1037,1062,1090,1106,1112,1133,1156,1160,1143,1116,1102,1085,1064,1049,1028,1006,982,960,943,924,908,851,826,828,855,896,931,964,1003,1019,1033,1063,1082,1097,1124
1511,1518,1520,1524,1535,1552,1568,1577,1587,1602,1617,1631,1649,1670,1684,1697,1704,1702,1695,1687,1679,1668,1657,1643,1626,1607,1590,1576,1561,1551,1544,1537,1530,1527,1523,1518,1509,1502,1505,1509,1503,1492,1482,1470,1455,1444,1436,1430,1427,1423,1417,1414,1412,1411,1406,1401,1396,1389,1387,1392,1396,1395,1390,1382,1370,1359,1348,1342,1344,1344,1342,1341,1345,1346,1341,1337,1339,1345,1349,1347,1342,1342,1347,1351,1353,1348,1336,1321,1307,1292,1285,1281,1284,1292,1300,1304,1302,1298,1296,1284,1268,1256,1243,1235,1234,1242,1252,1257,1259,1262,1263,1255,1243,1230,1224,1232,1243,1255,1265,1268,1262,1253,1243,1233,1224,1214,1200,1184,1170,1161,1155,1153,1157,1162,1166,1162,1163,1177,1190,1203,1220,1230,1234,1233,1234,1237,1238,1235,1230,1219,1203,1195,1200,1210,1212,1210,1206,1203,1208,1217,1225,1229,1235,1242,1248,1245,1229,1211,1192,1177,1179,1185,1195,1203,1204,1196,1184,1178,1179,1180,1185,1183,1170,1163,1160,1160,1163,1158,1154,1151,1145,1133,1115,1103,1105,1118,1128,1131,1123,1103,1085,1071,1056,1042,1035,1024,1009,994,978,968,961,959,953,951,959,962,974,985,993,1002,1021,1043,1067,1090,1103,1117,1142,1160,1163,1147,1125,1105,1084,1061,1046,1025,1001,972,948,930,911,891,836,818,830,862,907,941,968,994,1012,1025,1051,1081,1101,1123
1496,1505,1512,1518,1528,1544,1560,1571,1582,1597,1613,1631,1650,1671,1685,1696,1702,1698,1690,1678,1668,1658,1648,1635,1617,1599,1582,1568,1553,1544,1538,1530,1524,1521,1517,1511,1502,1493,1497,1504,1501,1491,1484,1474,1461,1450,1440,1431,1426,1419,1413,1410,1407,1404,1398,1395,1390,1385,1382,1384,1385,1382,1377,1370,1362,1354,1347,1342,1339,1335,1332,1332,1338,1340,1335,1332,1333,1340,1343,1339,1332,1329,1332,1336,1339,1337,1328,1317,1303,1288,1280,1276,1274,1280,1289,1293,1289,1288,1289,1281,1267,1255,1242,1233,1230,1235,1244,1249,1249,1253,1257,1249,1237,1225,1220,1224,1234,1245,1256,1264,1256,1248,1241,1230,1219,1205,1192,1177,1161,1154,1152,1154,1158,1166,1170,1168,1168,1177,1190,1204,1223,1236,1241,1243,1247,1249,1246,1240,1234,1223,1210,1205,1208,1217,1221,1224,1225,1223,1225,1233,1241,1246,1256,1263,1261,1250,1228,1210,1192,1185,1191,1202,1214,1222,1221,1215,1206,1200,1198,1198,1200,1199,1190,1182,1179,1180,1180,1177,1173,1168,1151,1134,1119,1113,1119,1133,1146,1149,1138,1115,1097,1086,1075,1059,1048,1034,1015,1001,984,971,962,955,947,950,967,982,997,1008,1017,1024,1037,1055,1075,1090,1104,1130,1151,1163,1161,1143,1119,1100,1080,1056,1039,1018,992,959,934,916,895,865,828,817,832,868,913,938,963,988,1011,1024,1047,1082,1105,1124
1489,1501,1512,1523,1533,1544,1559,1574,1586,1600,1615,1632,1650,1667,1681,1691,1697,1694,1686,1673,1660,1648,1638,1625,1608,1593,1578,1566,1554,1545,1538,1530,1522,1515,1507,1501,1493,1485,1487,1493,1491,1484,1481,1473,1462,1453,1441,1430,1424,1417,1411,1406,1403,1399,1395,1392,1388,1382,1378,1376,1374,1370,1365,1360,1354,1350,1345,1341,1334,1329,1328,1328,1331,1333,1331,1327,1327,1332,1336,1334,1326,1319,1320,1323,1324,1324,1319,1311,1299,1284,1278,1273,1269,1270,1277,1280,1276,1276,1279,1277,1267,1254,1243,1233,1228,1231,1239,1242,1241,1246,1250,1246,1235,1223,1217,1220,1228,1238,1247,1252,1244,1236,1230,1219,1207,1193,1183,1169,1157,1153,1155,1159,1162,1168,1172,1173,1172,1177,1189,1202,1220,1234,1240,1245,1254,1257,1252,1245,1239,1231,1225,1221,1220,1223,1228,1234,1239,1241,1242,1249,1258,1265,1272,1275,1267,1248,1225,1205,1191,1192,1201,1213,1232,1240,1238,1233,1228,1223,1218,1218,1221,1220,1213,1204,1200,1201,1198,1193,1187,1175,1151,1132,1126,1127,1138,1153,1163,1164,1151,1128,1114,1103,1089,1070,1056,1042,1024,1011,996,984,971,957,949,956,977,996,1015,1029,1040,1047,1056,1071,1085,1095,1113,1146,1164,1169,1163,1144,1113,1092,1074,1054,1032,1007,983,948,923,905,878,845,820,813,827,872,910,928,955,983,1005,1025,1054,1082,1105,1123
1486,1502,1516,1529,1542,1553,1569,1584,1596,1609,1622,1635,1647,1661,1676,1686,1694,1695,1686,1672,1659,1645,1634,1622,1607,1593,1580,1571,1561,1550,1538,1529,1519,1508,1498,1494,1487,1478,1477,1477,1475,1472,1472,1463,1455,1447,1436,1426,1421,1416,1409,1404,1401,1399,1398,1395,1391,1384,1377,1373,1369,1364,1359,1355,1351,1348,1346,1341,1333,1330,1328,1326,1325,1326,1325,1324,1322,1325,1329,1329,1324,1316,1312,1311,1312,1312,1310,1307,1299,1286,1277,1271,1264,1261,1267,1268,1265,1266,1271,1273,1269,1260,1247,1235,1227,1226,1233,1236,1235,1237,1244,1245,1236,1222,1213,1214,1221,1232,1238,1236,1228,1219,1213,1201,1190,1182,1173,1162,1158,1160,1162,1164,1165,1168,1173,1178,1178,1179,1186,1196,1210,1225,1236,1245,1255,1261,1259,1256,1251,1246,1243,1240,1237,1235,1238,1244,1251,1256,1259,1267,1275,1281,1282,1280,1268,1248,1222,1202,1195,1200,1212,1227,1246,1256,1253,1248,1246,1243,1238,1240,1242,1240,1236,1229,1224,1223,1213,1201,1191,1170,1146,1137,1138,1145,1160,1175,1180,1178,1165,1144,1129,1115,1099,1077,1062,1050,1037,1025,1013,1003,987,972,966,973,989,1006,1025,1045,1061,1068,1076,1087,1100,1111,1133,1162,1178,1181,1172,1151,1120,1094,1073,1055,1025,993,970,943,920,900,868,838,816,809,817,877,914,928,948,971,991,1016,1047,1074,1101,1120
1485,1501,1512,1527,1545,1563,1580,1593,1604,1614,1624,1634,1643,1658,1671,1684,1696,1696,1686,1673,1660,1646,1633,1621,1607,1593,1580,1570,1562,1549,1534,1524,1515,1506,1497,1492,1486,1477,1472,1467,1460,1458,1458,1451,1444,1436,1429,1424,1420,1414,1409,1405,1404,1404,1405,1402,1397,1390,1383,1379,1373,1368,1365,1361,1357,1353,1351,1348,1341,1337,1331,1326,1322,1320,1320,1321,1319,1320,1323,1323,1322,1316,1307,1301,1302,1302,1302,1303,1301,1289,1277,1267,1260,1256,1259,1258,1253,1254,1260,1268,1271,1266,1251,1238,1227,1222,1224,1227,1227,1229,1235,1238,1233,1221,1210,1206,1211,1222,1227,1221,1212,1200,1193,1184,1177,1173,1168,1162,1165,1169,1171,1171,1169,1172,1179,1184,1183,1181,1184,1191,1202,1216,1230,1242,1253,1263,1268,1271,1269,1263,1259,1256,1254,1251,1253,1260,1266,1270,1276,1285,1291,1290,1286,1281,1266,1246,1221,1208,1205,1213,1228,1242,1261,1270,1267,1262,1261,1261,1259,1261,1263,1262,1259,1254,1246,1240,1224,1206,1188,1168,1151,1153,1160,1169,1184,1195,1198,1193,1181,1159,1140,1124,1106,1085,1070,1060,1053,1044,1033,1021,1005,995,990,996,1005,1017,1033,1056,1079,1089,1094,1099,1113,1131,1155,1177,1190,1191,1178,1156,1131,1104,1078,1053,1020,987,962,942,921,896,864,838,822,811,814,870,910,927,943,959,978,1000,1030,1062,1092,1114
1482,1496,1507,1523,1544,1567,1584,1596,1604,1612,1619,1627,1636,1652,1666,1679,1692,1692,1683,1670,1655,1640,1626,1613,1600,1586,1572,1562,1555,1544,1531,1523,1517,1513,1507,1501,1495,1484,1475,1467,1455,1448,1443,1439,1434,1428,1424,1420,1416,1412,1408,1405,1406,1408,1408,1406,1402,1398,1393,1389,1384,1381,1378,1374,1368,1362,1360,1358,1352,1346,1337,1329,1322,1317,1317,1317,1316,1316,1317,1317,1318,1315,1305,1298,1296,1296,1297,1299,1298,1290,1278,1264,1257,1253,1252,1248,1242,1240,1248,1259,1266,1266,1256,1244,1233,1225,1219,1217,1219,1223,1225,1228,1225,1218,1207,1199,1200,1207,1212,1207,1198,1186,1180,1179,1175,1174,1172,1168,1171,1177,1181,1180,1178,1180,1185,1189,1185,1183,1185,1192,1203,1213,1227,1238,1249,1263,1275,1283,1285,1281,1276,1272,1271,1270,1272,1278,1283,1288,1294,1301,1302,1294,1285,1276,1261,1244,1225,1219,1221,1229,1241,1251,1267,1276,1277,1275,1275,1277,1278,1282,1284,1282,1279,1274,1261,1248,1230,1211,1190,1175,1167,1175,1186,1195,1203,1211,1214,1210,1196,1171,1151,1134,1114,1094,1084,1076,1072,1064,1051,1037,1025,1019,1017,1022,1026,1034,1047,1068,1092,1107,1110,1115,1129,1149,1172,1188,1196,1192,1177,1153,1133,1104,1078,1047,1023,993,961,940,919,895,865,845,833,821,826,865,899,918,933,945,962,982,1008,1043,1077,1102
1478,1493,1505,1524,1544,1565,1580,1590,1599,1607,1614,1621,1631,1647,1662,1677,1690,1689,1677,1663,1647,1631,1615,1601,1590,1576,1564,1556,1550,1544,1538,1531,1526,1526,1523,1517,1507,1493,1482,1472,1457,1442,1431,1429,1427,1422,1419,1413,1409,1406,1404,1401,1403,1406,1408,1407,1405,1402,1399,1395,1393,1391,1388,1384,1377,1371,1369,1367,1362,1353,1344,1334,1324,1317,1314,1312,1311,1311,1311,1312,1312,1311,1306,1301,1296,1293,1293,1292,1292,1291,1282,1269,1260,1252,1246,1241,1236,1233,1239,1249,1258,1263,1259,1249,1241,1233,1222,1214,1214,1216,1217,1218,1216,1211,1201,1193,1190,1192,1196,1193,1187,1181,1181,1185,1184,1183,1182,1177,1179,1186,1189,1190,1190,1190,1191,1194,1189,1186,1189,1201,1211,1217,1226,1236,1246,1260,1276,1290,1295,1295,1292,1290,1289,1291,1293,1296,1300,1304,1309,1311,1305,1292,1281,1270,1257,1242,1230,1229,1236,1244,1254,1260,1269,1279,1286,1288,1290,1293,1297,1301,1302,1300,1296,1289,1273,1253,1234,1214,1194,1183,1184,1197,1209,1217,1222,1228,1230,1223,1206,1181,1162,1144,1123,1104,1100,1097,1092,1082,1067,1053,1047,1042,1043,1048,1049,1055,1067,1083,1101,1118,1127,1136,1149,1164,1181,1192,1196,1190,1174,1151,1131,1101,1075,1044,1027,1006,968,943,922,899,875,858,844,834,832,864,890,900,915,927,947,968,994,1027,1063,1088
1485,1500,1513,1532,1550,1563,1573,1581,1590,1600,1608,1618,1631,1648,1661,1676,1690,1685,1674,1661,1644,1622,1606,1594,1583,1572,1564,1560,1556,1553,1552,1544,1539,1537,1534,1526,1512,1496,1484,1473,1457,1439,1425,1421,1418,1414,1411,1406,1401,1398,1396,1395,1397,1401,1405,1408,1406,1402,1397,1393,1392,1391,1389,1386,1380,1375,1374,1374,1369,1359,1349,1339,1328,1320,1314,1310,1307,1305,1305,1305,1306,1307,1306,1303,1298,1292,1289,1285,1284,1289,1288,1280,1271,1261,1249,1241,1236,1232,1233,1240,1249,1254,1254,1248,1244,1236,1224,1214,1211,1210,1209,1207,1205,1202,1195,1187,1182,1182,1184,1183,1181,1182,1187,1191,1193,1193,1192,1186,1185,1192,1195,1197,1198,1198,1200,1202,1197,1192,1197,1210,1220,1226,1234,1241,1247,1259,1275,1290,1300,1305,1308,1309,1310,1313,1313,1314,1316,1321,1322,1319,1305,1288,1277,1268,1256,1241,1233,1238,1250,1261,1267,1271,1278,1288,1298,1303,1306,1311,1318,1320,1321,1318,1311,1303,1282,1258,1237,1219,1202,1194,1201,1219,1230,1239,1242,1246,1243,1232,1213,1190,1173,1154,1131,1117,1115,1114,1108,1095,1079,1070,1068,1068,1071,1075,1074,1079,1089,1103,1118,1130,1143,1154,1166,1173,1183,1191,1192,1184,1170,1149,1127,1101,1078,1049,1030,1015,980,955,935,909,888,869,851,840,828,838,864,875,891,908,930,956,984,1015,1049,1073
1499,1512,1524,1539,1553,1563,1569,1575,1585,1596,1602,1613,1631,1651,1661,1673,1684,1684,1678,1666,1648,1625,1609,1597,1585,1578,1576,1575,1571,1567,1560,1554,1548,1543,1535,1523,1509,1495,1484,1471,1455,1441,1426,1420,1415,1411,1406,1401,1395,1391,1390,1387,1389,1392,1396,1402,1403,1399,1392,1386,1384,1383,1381,1379,1375,1370,1370,1375,1373,1363,1353,1344,1334,1327,1320,1314,1307,1301,1298,1297,1300,1302,1303,1303,1300,1291,1286,1280,1279,1285,1289,1286,1279,1273,1263,1253,1243,1236,1230,1234,1239,1242,1243,1243,1240,1234,1223,1215,1209,1206,1201,1198,1197,1193,1187,1181,1177,1177,1178,1179,1179,1183,1189,1196,1199,1201,1200,1192,1189,1195,1199,1201,1202,1203,1207,1213,1208,1202,1206,1216,1228,1238,1247,1252,1257,1266,1275,1287,1300,1311,1320,1327,1331,1330,1330,1333,1336,1341,1337,1330,1312,1292,1279,1270,1258,1245,1242,1251,1266,1276,1279,1281,1290,1301,1312,1319,1322,1329,1340,1338,1338,1333,1322,1307,1282,1260,1241,1228,1219,1218,1222,1234,1246,1258,1264,1261,1254,1242,1224,1202,1184,1163,1141,1133,1129,1126,1117,1105,1091,1084,1085,1092,1098,1101,1102,1108,1114,1124,1136,1146,1155,1167,1173,1175,1178,1181,1179,1169,1157,1138,1122,1103,1082,1057,1037,1019,989,965,944,918,894,870,851,839,827,820,834,850,868,890,912,935,962,993,1030,1054
1504,1516,1526,1538,1550,1557,1564,1571,1584,1599,1605,1614,1631,1651,1662,1672,1681,1684,1681,1672,1656,1638,1622,1608,1596,1591,1591,1590,1583,1574,1562,1554,1549,1542,1533,1520,1506,1494,1483,1470,1455,1443,1433,1427,1422,1416,1409,1406,1399,1393,1390,1384,1381,1382,1385,1392,1398,1397,1392,1381,1374,1371,1371,1369,1364,1360,1363,1372,1376,1368,1359,1351,1340,1335,1330,1322,1311,1302,1297,1295,1294,1295,1296,1298,1299,1293,1287,1280,1275,1277,1282,1283,1280,1279,1273,1265,1253,1242,1234,1231,1231,1231,1235,1235,1233,1230,1221,1215,1210,1205,1198,1195,1191,1186,1181,1179,1180,1181,1179,1178,1181,1185,1191,1197,1201,1206,1205,1198,1196,1201,1204,1204,1204,1206,1213,1221,1217,1211,1213,1222,1234,1245,1254,1261,1270,1277,1281,1288,1300,1313,1326,1340,1346,1348,1350,1354,1358,1360,1352,1342,1327,1304,1283,1271,1259,1252,1257,1270,1283,1291,1293,1295,1302,1312,1322,1332,1340,1349,1356,1355,1353,1343,1326,1308,1284,1264,1251,1245,1240,1241,1237,1243,1257,1272,1284,1277,1266,1252,1237,1215,1192,1169,1153,1146,1142,1134,1124,1115,1106,1102,1105,1113,1120,1124,1128,1133,1137,1145,1154,1160,1168,1173,1171,1167,1166,1166,1162,1150,1138,1123,1115,1105,1089,1067,1044,1023,994,967,945,922,894,866,849,836,824,819,822,834,852,873,895,915,938,968,1005,1035
1498,1511,1521,1530,1538,1548,1558,1568,1583,1602,1611,1619,1630,1646,1659,1670,1677,1680,1677,1669,1660,1646,1633,1621,1609,1600,1597,1594,1585,1572,1559,1549,1542,1538,1530,1517,1504,1492,1482,1471,1457,1445,1437,1430,1426,1421,1416,1414,1409,1401,1395,1385,1379,1376,1377,1383,1391,1394,1391,1379,1367,1362,1363,1362,1357,1354,1359,1370,1377,1373,1366,1357,1347,1341,1335,1328,1319,1311,1304,1298,1292,1289,1288,1291,1295,1294,1289,1281,1272,1269,1271,1273,1275,1276,1274,1269,1260,1249,1239,1231,1226,1224,1228,1228,1227,1224,1219,1215,1210,1206,1199,1195,1189,1183,1181,1184,1189,1189,1186,1185,1188,1190,1193,1197,1203,1208,1210,1205,1203,1206,1209,1209,1207,1209,1219,1226,1222,1218,1219,1227,1239,1248,1257,1266,1279,1288,1292,1296,1304,1316,1333,1349,1357,1365,1371,1375,1379,1378,1367,1353,1339,1317,1291,1276,1266,1264,1272,1285,1296,1302,1307,1311,1313,1320,1333,1348,1360,1366,1372,1372,1367,1351,1333,1319,1295,1277,1267,1261,1259,1254,1246,1250,1263,1279,1292,1291,1276,1259,1243,1219,1194,1174,1164,1157,1153,1147,1136,1127,1121,1122,1126,1132,1141,1147,1152,1156,1158,1166,1174,1179,1183,1176,1164,1156,1152,1148,1140,1131,1121,1110,1104,1098,1085,1064,1043,1025,999,970,949,929,901,871,851,834,819,816,816,821,837,857,875,897,922,954,989,1020
1489,1501,1511,1518,1526,1538,1552,1565,1580,1598,1609,1616,1625,1638,1649,1662,1671,1671,1663,1657,1652,1642,1633,1622,1609,1599,1596,1591,1580,1567,1552,1539,1531,1530,1526,1515,1501,1489,1480,1469,1458,1446,1435,1425,1422,1419,1415,1415,1413,1407,1399,1390,1382,1376,1371,1374,1383,1388,1384,1374,1360,1355,1357,1356,1353,1352,1358,1367,1375,1374,1368,1360,1352,1343,1336,1329,1323,1317,1309,1300,1290,1285,1283,1285,1290,1293,1290,1282,1272,1265,1262,1263,1267,1268,1269,1268,1262,1253,1244,1233,1225,1222,1222,1223,1222,1220,1216,1213,1210,1206,1201,1196,1190,1186,1188,1193,1197,1197,1193,1193,1195,1196,1196,1198,1204,1211,1216,1214,1212,1212,1216,1216,1212,1213,1223,1230,1228,1224,1225,1230,1241,1251,1261,1272,1285,1294,1303,1309,1315,1326,1343,1356,1365,1375,1385,1392,1395,1392,1379,1362,1346,1327,1304,1288,1281,1279,1285,1295,1304,1314,1322,1327,1327,1332,1348,1366,1380,1386,1390,1387,1377,1359,1344,1331,1310,1295,1284,1276,1273,1264,1255,1256,1268,1280,1292,1298,1282,1262,1246,1220,1197,1182,1175,1171,1168,1163,1152,1141,1135,1137,1140,1148,1163,1169,1176,1182,1181,1191,1199,1200,1194,1176,1158,1147,1139,1126,1117,1109,1102,1096,1090,1080,1066,1050,1031,1017,1001,976,956,938,913,887,865,845,827,816,811,811,818,826,853,876,903,937,976,1007
1479,1489,1498,1508,1519,1533,1548,1560,1573,1587,1596,1603,1612,1627,1638,1650,1663,1662,1651,1643,1637,1630,1621,1611,1600,1592,1588,1583,1573,1560,1544,1530,1522,1521,1519,1510,1497,1485,1475,1463,1453,1442,1433,1424,1420,1415,1411,1409,1410,1407,1401,1393,1385,1378,1370,1368,1376,1378,1375,1369,1356,1350,1350,1348,1346,1347,1355,1363,1372,1371,1365,1359,1352,1343,1333,1327,1322,1316,1308,1299,1290,1283,1280,1280,1285,1290,1290,1283,1274,1264,1257,1257,1260,1260,1262,1263,1259,1254,1246,1236,1229,1225,1221,1220,1218,1217,1212,1209,1207,1206,1202,1198,1195,1194,1198,1201,1203,1202,1200,1201,1202,1202,1200,1201,1207,1214,1222,1223,1221,1220,1223,1224,1220,1221,1229,1235,1235,1231,1229,1231,1241,1251,1263,1276,1288,1299,1309,1318,1326,1337,1349,1357,1366,1377,1387,1398,1401,1396,1384,1368,1352,1331,1314,1303,1301,1300,1303,1309,1318,1329,1339,1344,1343,1347,1362,1379,1396,1408,1409,1400,1384,1366,1355,1343,1328,1317,1303,1290,1283,1276,1267,1265,1275,1285,1298,1304,1291,1268,1249,1229,1209,1196,1194,1196,1189,1178,1165,1156,1148,1149,1153,1166,1184,1190,1198,1203,1209,1219,1222,1217,1201,1177,1156,1142,1130,1111,1095,1086,1081,1078,1069,1057,1046,1028,1010,999,994,981,964,946,924,903,888,873,850,824,811,807,803,802,833,859,888,917,955,990
1469,1477,1486,1496,1511,1528,1541,1551,1560,1572,1581,1586,1596,1614,1626,1639,1655,1656,1647,1635,1627,1618,1607,1599,1590,1582,1578,1573,1566,1554,1535,1521,1514,1512,1508,1501,1490,1481,1468,1456,1446,1438,1435,1432,1427,1418,1409,1405,1403,1402,1400,1393,1386,1381,1375,1365,1366,1366,1368,1365,1353,1347,1344,1341,1337,1339,1348,1359,1368,1366,1357,1352,1347,1337,1328,1322,1316,1311,1306,1299,1291,1283,1279,1276,1278,1285,1287,1281,1272,1262,1253,1251,1252,1253,1252,1251,1250,1248,1244,1239,1234,1229,1225,1221,1217,1215,1210,1205,1203,1204,1203,1204,1206,1206,1208,1209,1206,1205,1207,1210,1211,1209,1205,1206,1212,1221,1229,1230,1229,1229,1230,1231,1230,1231,1237,1242,1243,1238,1236,1235,1240,1248,1260,1272,1285,1298,1308,1317,1329,1340,1347,1353,1362,1372,1384,1395,1400,1394,1384,1370,1352,1334,1324,1321,1327,1326,1326,1330,1335,1343,1353,1358,1357,1361,1373,1390,1408,1423,1424,1412,1394,1377,1368,1356,1344,1336,1321,1305,1294,1286,1278,1274,1281,1291,1305,1309,1299,1277,1256,1240,1226,1216,1215,1220,1210,1198,1185,1176,1167,1170,1177,1190,1204,1208,1215,1221,1232,1237,1235,1226,1205,1179,1157,1138,1120,1101,1081,1069,1060,1053,1046,1035,1024,1005,990,980,975,973,964,951,934,920,909,896,872,842,821,812,804,800,820,846,878,910,948,984
1460,1469,1477,1487,1501,1517,1530,1538,1547,1558,1566,1574,1585,1603,1619,1634,1647,1651,1645,1634,1626,1614,1599,1589,1579,1570,1565,1562,1557,1546,1527,1512,1506,1502,1496,1490,1482,1472,1460,1450,1445,1442,1442,1443,1437,1422,1410,1402,1398,1396,1395,1391,1386,1384,1378,1364,1359,1360,1362,1360,1348,1342,1339,1336,1330,1332,1341,1353,1360,1357,1349,1343,1337,1328,1321,1315,1309,1305,1302,1297,1292,1283,1276,1272,1274,1280,1280,1275,1266,1257,1249,1245,1245,1245,1242,1239,1238,1238,1239,1239,1235,1230,1225,1219,1214,1210,1204,1200,1200,1203,1208,1213,1218,1220,1218,1213,1208,1208,1213,1217,1218,1214,1209,1211,1218,1228,1236,1238,1238,1239,1239,1240,1240,1240,1246,1252,1254,1251,1247,1243,1241,1247,1256,1266,1278,1290,1299,1307,1320,1334,1341,1348,1357,1370,1381,1390,1397,1392,1382,1366,1349,1336,1334,1339,1346,1348,1351,1350,1352,1358,1367,1370,1372,1375,1386,1403,1419,1431,1436,1425,1408,1393,1382,1369,1356,1349,1336,1317,1304,1294,1286,1283,1287,1297,1311,1312,1303,1288,1269,1254,1242,1234,1234,1237,1229,1221,1209,1198,1189,1192,1201,1212,1220,1225,1233,1239,1246,1248,1240,1226,1207,1182,1160,1134,1113,1096,1076,1059,1044,1033,1026,1015,997,985,976,963,953,951,950,945,939,933,923,910,892,864,838,827,814,806,815,837,874,913,953,992
1455,1466,1476,1484,1496,1509,1519,1529,1539,1549,1558,1570,1586,1605,1620,1633,1641,1645,1643,1638,1630,1615,1599,1585,1573,1563,1556,1551,1543,1534,1517,1502,1496,1490,1486,1481,1474,1464,1455,1452,1454,1453,1453,1451,1441,1422,1409,1400,1395,1393,1389,1385,1384,1384,1379,1369,1364,1363,1363,1356,1344,1338,1334,1330,1326,1327,1332,1341,1345,1343,1338,1332,1324,1319,1315,1310,1303,1299,1297,1292,1287,1279,1274,1270,1270,1272,1272,1268,1259,1251,1248,1245,1242,1240,1235,1232,1229,1231,1234,1235,1231,1225,1219,1213,1210,1205,1200,1197,1199,1207,1216,1221,1224,1226,1223,1215,1210,1211,1218,1223,1223,1217,1213,1215,1222,1232,1241,1247,1249,1250,1251,1251,1248,1247,1254,1262,1265,1263,1260,1254,1248,1250,1254,1261,1272,1282,1290,1295,1309,1325,1334,1343,1355,1369,1379,1387,1394,1390,1379,1362,1347,1340,1343,1349,1357,1367,1372,1371,1372,1378,1385,1386,1386,1389,1401,1418,1431,1439,1443,1434,1420,1404,1392,1381,1371,1361,1347,1328,1312,1300,1291,1291,1297,1309,1320,1317,1310,1301,1283,1264,1257,1255,1255,1255,1247,1238,1227,1215,1209,1211,1220,1229,1237,1244,1251,1254,1255,1252,1239,1222,1206,1185,1164,1138,1116,1097,1074,1053,1035,1022,1009,991,973,964,958,943,934,930,929,930,933,935,930,921,904,880,854,840,822,809,812,831,868,904,945,987
1453,1467,1482,1491,1499,1509,1517,1527,1540,1555,1566,1580,1597,1613,1625,1635,1640,1643,1645,1643,1634,1621,1609,1594,1580,1566,1553,1542,1533,1524,1508,1497,1490,1484,1480,1475,1470,1463,1460,1464,1465,1463,1460,1453,1439,1422,1412,1404,1397,1393,1388,1382,1382,1384,1383,1380,1376,1373,1369,1354,1343,1337,1330,1325,1322,1322,1322,1325,1327,1327,1325,1321,1314,1311,1308,1303,1297,1292,1289,1285,1280,1273,1271,1268,1266,1264,1263,1261,1255,1250,1250,1248,1244,1239,1234,1230,1226,1227,1230,1229,1224,1218,1213,1210,1208,1206,1202,1201,1205,1214,1223,1227,1228,1227,1223,1217,1213,1215,1224,1229,1227,1221,1217,1219,1225,1234,1245,1257,1260,1262,1264,1262,1256,1254,1260,1269,1274,1273,1270,1265,1259,1256,1256,1261,1271,1279,1285,1291,1304,1319,1331,1342,1353,1367,1381,1389,1395,1391,1377,1362,1352,1348,1352,1359,1369,1382,1390,1392,1393,1400,1405,1403,1402,1406,1418,1431,1440,1445,1444,1434,1421,1405,1392,1385,1377,1363,1348,1333,1316,1302,1293,1295,1305,1318,1329,1327,1325,1318,1296,1277,1276,1279,1280,1277,1264,1252,1241,1234,1231,1233,1240,1248,1255,1262,1267,1267,1260,1251,1234,1218,1201,1181,1164,1140,1123,1101,1073,1049,1028,1011,996,974,955,943,935,924,918,915,910,910,918,926,929,923,903,883,860,841,825,809,804,822,854,890,932,968
1460,1475,1492,1505,1515,1522,1526,1535,1554,1575,1585,1596,1609,1624,1636,1645,1650,1650,1649,1644,1635,1627,1618,1607,1593,1576,1557,1543,1534,1526,1513,1505,1496,1488,1483,1480,1473,1469,1473,1477,1475,1469,1460,1451,1437,1428,1423,1416,1406,1397,1389,1380,1379,1382,1385,1388,1386,1383,1375,1355,1345,1336,1327,1320,1317,1316,1313,1314,1313,1314,1313,1309,1305,1302,1301,1297,1291,1286,1282,1278,1274,1270,1268,1266,1262,1259,1258,1257,1255,1252,1252,1249,1244,1238,1234,1231,1228,1226,1225,1223,1218,1215,1212,1210,1211,1212,1211,1212,1216,1222,1228,1233,1234,1230,1225,1221,1219,1223,1231,1234,1231,1226,1222,1223,1229,1237,1249,1263,1270,1273,1274,1269,1262,1260,1266,1276,1284,1283,1280,1276,1269,1264,1263,1267,1275,1283,1290,1298,1310,1323,1335,1347,1355,1368,1385,1395,1399,1392,1378,1368,1363,1360,1360,1369,1381,1394,1406,1411,1416,1423,1426,1422,1424,1430,1437,1442,1447,1447,1441,1427,1413,1398,1386,1381,1369,1354,1342,1328,1313,1302,1295,1296,1307,1321,1335,1339,1342,1334,1313,1299,1297,1299,1300,1294,1277,1265,1261,1258,1254,1255,1261,1268,1273,1278,1280,1276,1261,1246,1230,1213,1192,1171,1152,1132,1122,1098,1069,1044,1024,1004,987,967,944,929,918,907,903,897,890,891,895,904,914,910,895,881,859,839,820,803,797,811,843,882,916,943
1470,1485,1502,1517,1531,1538,1542,1552,1571,1589,1599,1610,1622,1635,1646,1654,1658,1656,1652,1642,1633,1628,1620,1611,1601,1586,1570,1556,1547,1538,1529,1521,1511,1503,1497,1493,1484,1478,1482,1487,1482,1471,1460,1448,1439,1435,1433,1427,1415,1401,1387,1377,1374,1377,1382,1386,1388,1385,1376,1360,1348,1337,1326,1319,1314,1311,1309,1307,1308,1308,1307,1303,1299,1300,1300,1296,1291,1285,1281,1279,1276,1274,1271,1267,1264,1261,1260,1262,1262,1259,1255,1249,1242,1234,1230,1230,1228,1224,1221,1220,1218,1218,1215,1213,1213,1217,1221,1224,1228,1230,1235,1240,1240,1235,1229,1226,1226,1228,1234,1240,1240,1236,1231,1228,1233,1241,1252,1267,1278,1280,1279,1273,1267,1266,1272,1283,1294,1295,1291,1286,1277,1273,1274,1278,1283,1289,1299,1310,1323,1336,1347,1355,1363,1376,1390,1400,1403,1395,1385,1377,1375,1372,1371,1379,1391,1401,1415,1425,1436,1444,1448,1446,1447,1452,1456,1457,1459,1452,1436,1421,1408,1393,1381,1373,1359,1345,1333,1320,1311,1304,1298,1297,1307,1322,1337,1348,1352,1346,1329,1318,1316,1314,1313,1306,1289,1281,1283,1282,1277,1275,1278,1285,1288,1288,1287,1278,1255,1237,1219,1200,1179,1159,1137,1121,1110,1086,1061,1040,1023,1002,983,962,938,922,911,903,897,886,880,877,873,876,885,888,884,879,859,836,814,798,791,805,832,873,907,927
1475,1491,1507,1521,1534,1545,1554,1565,1581,1597,1609,1621,1630,1639,1648,1655,1658,1654,1648,1639,1630,1626,1617,1608,1600,1590,1582,1571,1561,1553,1547,1538,1528,1519,1512,1507,1497,1488,1489,1492,1486,1475,1463,1453,1446,1442,1438,1430,1417,1400,1384,1374,1371,1372,1375,1379,1382,1380,1375,1365,1353,1341,1332,1325,1315,1312,1310,1310,1310,1309,1305,1303,1301,1305,1308,1306,1299,1292,1288,1288,1286,1284,1279,1276,1275,1272,1271,1272,1268,1263,1258,1250,1241,1233,1229,1228,1225,1223,1221,1224,1227,1226,1223,1217,1215,1219,1228,1235,1237,1238,1242,1246,1244,1239,1234,1232,1231,1232,1238,1248,1252,1249,1242,1236,1238,1245,1254,1272,1284,1287,1286,1278,1272,1272,1277,1289,1302,1307,1303,1296,1285,1283,1285,1289,1292,1294,1303,1315,1331,1345,1358,1368,1377,1387,1397,1406,1411,1408,1399,1391,1389,1386,1384,1389,1395,1405,1420,1436,1454,1466,1471,1472,1471,1471,1474,1475,1471,1457,1438,1421,1408,1396,1382,1369,1354,1344,1333,1322,1314,1308,1302,1301,1310,1324,1338,1354,1361,1357,1346,1337,1335,1335,1331,1322,1308,1306,1306,1306,1299,1291,1291,1293,1291,1287,1283,1268,1244,1226,1206,1184,1165,1148,1129,1113,1095,1073,1053,1033,1017,999,980,955,931,924,920,917,913,900,889,875,863,858,860,865,871,872,859,837,817,804,787,801,827,867,908,929
1471,1488,1502,1516,1529,1543,1556,1568,1585,1603,1614,1625,1633,1643,1652,1655,1654,1648,1642,1635,1628,1619,1609,1600,1593,1587,1584,1579,1570,1564,1558,1550,1541,1533,1525,1519,1507,1498,1496,1497,1492,1481,1472,1465,1460,1452,1442,1428,1415,1398,1383,1374,1371,1369,1368,1370,1372,1372,1371,1364,1354,1345,1340,1332,1321,1317,1317,1317,1314,1310,1306,1305,1308,1314,1317,1316,1310,1301,1298,1298,1296,1291,1287,1286,1286,1283,1280,1276,1267,1259,1255,1247,1242,1238,1235,1230,1226,1225,1225,1232,1238,1237,1233,1224,1218,1220,1231,1241,1244,1245,1248,1247,1244,1240,1240,1240,1238,1238,1244,1255,1259,1257,1252,1247,1245,1248,1257,1273,1286,1293,1293,1284,1277,1277,1282,1294,1307,1316,1316,1307,1295,1291,1291,1297,1300,1300,1305,1315,1329,1344,1361,1377,1391,1401,1407,1415,1421,1421,1415,1408,1407,1404,1400,1400,1403,1411,1428,1450,1469,1484,1491,1494,1494,1488,1490,1486,1477,1463,1445,1426,1410,1401,1390,1375,1361,1350,1341,1330,1318,1312,1308,1309,1319,1331,1344,1362,1372,1374,1372,1368,1363,1361,1354,1344,1335,1333,1329,1326,1315,1303,1296,1292,1285,1278,1269,1250,1231,1216,1196,1173,1152,1137,1119,1102,1083,1063,1043,1022,1007,991,971,947,933,936,939,939,939,927,910,884,865,854,847,847,854,860,860,848,832,816,800,804,829,861,903,929
1461,1478,1496,1512,1527,1542,1554,1566,1582,1600,1613,1624,1635,1646,1654,1656,1651,1645,1639,1633,1623,1611,1600,1591,1584,1578,1577,1577,1573,1567,1559,1554,1548,1544,1536,1528,1518,1509,1505,1503,1499,1489,1483,1477,1471,1459,1443,1428,1414,1399,1388,1380,1375,1369,1364,1362,1362,1363,1361,1357,1349,1342,1338,1333,1325,1321,1320,1319,1314,1310,1307,1310,1317,1323,1328,1325,1318,1309,1305,1304,1303,1299,1295,1294,1294,1287,1281,1273,1260,1251,1248,1246,1246,1246,1245,1241,1235,1234,1236,1243,1248,1246,1240,1229,1220,1219,1232,1242,1248,1251,1251,1249,1245,1243,1248,1250,1249,1246,1250,1260,1264,1264,1261,1257,1253,1252,1259,1272,1285,1296,1300,1293,1285,1284,1288,1298,1312,1323,1325,1317,1304,1296,1294,1301,1309,1311,1312,1316,1324,1337,1357,1378,1396,1405,1409,1417,1425,1430,1430,1428,1425,1420,1415,1415,1418,1423,1438,1460,1479,1494,1503,1505,1503,1497,1493,1485,1475,1463,1448,1431,1412,1401,1394,1384,1369,1356,1345,1332,1318,1314,1313,1319,1330,1340,1351,1369,1386,1397,1402,1399,1396,1388,1377,1372,1364,1356,1349,1339,1325,1310,1295,1284,1273,1263,1249,1231,1214,1201,1186,1166,1142,1127,1107,1090,1071,1050,1030,1009,996,979,959,946,945,951,955,960,960,949,926,900,879,865,847,838,840,848,853,851,839,823,814,812,838,866,894,919
1460,1473,1492,1511,1528,1541,1550,1561,1577,1592,1605,1620,1634,1645,1652,1655,1652,1646,1639,1631,1620,1608,1597,1586,1576,1566,1565,1568,1568,1561,1553,1550,1549,1547,1544,1538,1530,1523,1515,1509,1505,1500,1492,1486,1478,1464,1446,1433,1420,1406,1395,1387,1380,1370,1362,1356,1355,1354,1351,1348,1343,1336,1332,1330,1326,1323,1320,1317,1313,1311,1311,1317,1326,1335,1337,1332,1324,1315,1309,1307,1306,1304,1302,1301,1299,1289,1280,1269,1255,1249,1248,1250,1253,1254,1256,1254,1250,1249,1252,1256,1256,1251,1242,1230,1221,1219,1230,1240,1249,1256,1256,1254,1251,1250,1255,1259,1259,1256,1258,1265,1268,1268,1266,1261,1258,1257,1260,1271,1284,1297,1303,1303,1296,1294,1297,1306,1320,1331,1333,1326,1313,1305,1302,1307,1318,1322,1324,1324,1326,1334,1351,1371,1389,1396,1401,1412,1424,1436,1445,1447,1441,1436,1432,1431,1433,1437,1449,1467,1485,1499,1508,1507,1500,1493,1484,1473,1464,1455,1443,1429,1412,1398,1390,1382,1370,1358,1343,1330,1322,1320,1322,1331,1342,1351,1361,1380,1398,1413,1421,1422,1421,1413,1404,1403,1389,1376,1366,1349,1329,1310,1291,1273,1257,1244,1230,1212,1196,1184,1170,1151,1134,1117,1094,1073,1052,1030,1014,996,981,969,959,959,963,968,977,982,977,964,942,919,899,883,860,841,836,837,838,837,830,821,819,822,846,872,888,907
1472,1478,1490,1507,1524,1536,1546,1557,1571,1583,1596,1613,1627,1640,1649,1654,1653,1646,1638,1629,1621,1611,1599,1586,1573,1559,1553,1555,1555,1551,1545,1543,1544,1545,1546,1543,1538,1532,1524,1516,1513,1510,1501,1491,1480,1466,1452,1443,1432,1418,1402,1389,1380,1370,1361,1355,1353,1350,1347,1343,1340,1335,1332,1329,1326,1324,1322,1319,1319,1320,1322,1329,1336,1341,1340,1334,1326,1320,1313,1306,1303,1303,1303,1302,1299,1287,1277,1266,1255,1252,1252,1254,1260,1263,1265,1264,1262,1264,1265,1265,1260,1252,1242,1232,1227,1226,1231,1239,1248,1259,1262,1261,1259,1258,1260,1265,1268,1266,1265,1270,1271,1269,1267,1264,1264,1263,1263,1270,1283,1295,1304,1310,1310,1310,1312,1321,1333,1342,1343,1337,1326,1317,1314,1314,1319,1327,1334,1336,1334,1337,1347,1362,1377,1385,1390,1404,1421,1439,1451,1457,1455,1453,1448,1445,1446,1452,1461,1475,1489,1502,1509,1504,1494,1483,1472,1461,1449,1441,1432,1422,1408,1392,1380,1372,1365,1355,1342,1334,1332,1333,1334,1343,1353,1363,1374,1393,1409,1426,1439,1446,1442,1435,1430,1427,1408,1388,1372,1353,1326,1302,1281,1261,1243,1229,1214,1197,1181,1167,1150,1128,1116,1101,1076,1051,1029,1011,998,982,970,971,977,985,989,996,1006,1004,993,979,960,939,918,899,876,853,840,831,826,823,818,815,813,808,834,858,872,892
1491,1493,1497,1505,1518,1531,1542,1552,1565,1579,1593,1608,1622,1635,1645,1650,1650,1644,1637,1629,1625,1618,1605,1590,1574,1557,1544,1541,1540,1538,1535,1534,1535,1539,1542,1543,1542,1537,1530,1521,1515,1512,1503,1490,1479,1469,1459,1453,1444,1431,1410,1389,1379,1369,1361,1356,1353,1352,1348,1345,1343,1340,1336,1332,1327,1326,1327,1327,1330,1334,1339,1342,1345,1344,1339,1332,1325,1321,1312,1301,1296,1297,1298,1295,1291,1279,1272,1265,1256,1252,1252,1256,1264,1270,1273,1273,1274,1273,1270,1266,1261,1252,1241,1235,1235,1237,1237,1242,1250,1261,1268,1268,1268,1267,1268,1272,1274,1273,1273,1275,1274,1272,1270,1271,1272,1271,1269,1273,1283,1296,1308,1317,1323,1326,1329,1336,1346,1353,1354,1350,1339,1330,1324,1321,1320,1328,1339,1345,1344,1343,1347,1355,1366,1378,1385,1397,1415,1434,1447,1458,1467,1471,1467,1461,1461,1466,1475,1484,1492,1502,1506,1498,1485,1470,1458,1447,1435,1426,1419,1410,1398,1382,1371,1365,1360,1353,1344,1342,1345,1346,1347,1355,1362,1373,1388,1405,1420,1441,1460,1469,1463,1452,1447,1440,1421,1393,1371,1351,1319,1294,1271,1253,1234,1217,1202,1185,1167,1149,1128,1109,1092,1079,1053,1031,1013,999,989,979,976,985,999,1010,1016,1023,1030,1026,1012,994,975,955,936,917,893,873,856,836,823,817,808,804,794,787,811,836,854,870
1512,1512,1510,1511,1515,1525,1537,1548,1563,1578,1592,1606,1618,1629,1637,1641,1643,1639,1634,1631,1630,1624,1609,1592,1575,1558,1541,1532,1529,1527,1523,1521,1523,1529,1537,1541,1542,1538,1530,1519,1510,1506,1497,1486,1479,1472,1466,1459,1451,1439,1419,1397,1384,1373,1363,1358,1357,1358,1356,1354,1351,1348,1343,1336,1328,1329,1333,1336,1340,1344,1348,1349,1348,1345,1340,1333,1323,1316,1307,1297,1291,1290,1289,1284,1278,1270,1266,1261,1254,1251,1251,1258,1268,1275,1280,1283,1283,1279,1272,1265,1259,1250,1241,1238,1242,1245,1243,1244,1252,1264,1272,1275,1277,1278,1278,1281,1283,1281,1280,1279,1278,1276,1277,1282,1284,1281,1276,1277,1286,1298,1311,1322,1332,1338,1344,1351,1357,1362,1363,1361,1352,1343,1336,1329,1325,1330,1340,1347,1350,1349,1349,1352,1361,1375,1387,1397,1410,1426,1440,1457,1473,1484,1485,1482,1480,1482,1489,1494,1499,1503,1501,1490,1474,1458,1445,1435,1425,1417,1409,1400,1388,1378,1370,1365,1361,1356,1351,1351,1354,1357,1361,1367,1373,1385,1401,1417,1432,1453,1471,1478,1468,1460,1454,1440,1419,1389,1363,1344,1314,1288,1265,1247,1225,1209,1192,1172,1153,1134,1113,1097,1077,1061,1034,1017,1009,1001,997,995,997,1008,1018,1029,1036,1042,1045,1043,1030,1010,989,970,954,936,916,902,888,861,835,821,805,795,783,778,789,813,837,847
1528,1527,1523,1520,1519,1524,1534,1546,1561,1575,1586,1598,1610,1620,1627,1632,1634,1634,1632,1633,1634,1627,1608,1590,1575,1561,1542,1530,1522,1518,1512,1509,1511,1517,1529,1535,1537,1534,1525,1514,1505,1498,1491,1485,1480,1475,1470,1459,1450,1440,1425,1407,1393,1379,1368,1363,1364,1366,1364,1361,1358,1354,1349,1341,1334,1335,1340,1342,1344,1345,1345,1347,1346,1344,1340,1333,1322,1311,1303,1295,1287,1283,1279,1274,1270,1264,1261,1258,1254,1254,1256,1264,1273,1280,1285,1288,1287,1280,1272,1264,1257,1249,1241,1240,1244,1249,1247,1247,1253,1265,1274,1280,1286,1290,1291,1293,1294,1294,1291,1284,1282,1282,1285,1292,1297,1297,1289,1283,1288,1297,1310,1323,1336,1347,1358,1365,1369,1372,1373,1371,1365,1359,1352,1343,1335,1333,1337,1344,1352,1357,1355,1354,1360,1375,1387,1395,1405,1419,1432,1452,1472,1487,1493,1497,1498,1497,1503,1508,1510,1507,1498,1484,1469,1455,1440,1431,1423,1415,1408,1397,1388,1383,1379,1374,1368,1363,1360,1361,1364,1368,1372,1379,1386,1397,1412,1429,1443,1458,1470,1468,1456,1452,1442,1423,1405,1376,1350,1333,1304,1278,1257,1236,1213,1198,1177,1158,1140,1124,1109,1091,1070,1049,1025,1012,1011,1014,1019,1021,1028,1038,1041,1046,1056,1064,1060,1054,1043,1024,1004,987,972,954,937,925,914,886,858,835,812,794,781,770,770,788,807,816
1537,1537,1534,1529,1527,1529,1534,1544,1557,1569,1579,1591,1601,1610,1618,1626,1630,1632,1633,1635,1635,1627,1609,1591,1577,1564,1546,1533,1521,1512,1507,1501,1500,1504,1516,1524,1527,1525,1516,1507,1499,1493,1486,1481,1477,1474,1468,1456,1446,1438,1429,1414,1399,1386,1376,1371,1370,1370,1368,1363,1358,1355,1350,1345,1342,1343,1345,1344,1343,1341,1339,1340,1339,1339,1336,1330,1321,1310,1301,1293,1283,1277,1272,1268,1266,1263,1261,1260,1259,1261,1264,1270,1276,1282,1287,1289,1287,1280,1270,1263,1256,1247,1240,1239,1245,1250,1252,1251,1255,1264,1274,1283,1293,1301,1306,1307,1307,1308,1304,1297,1292,1288,1290,1300,1309,1311,1304,1294,1291,1297,1308,1321,1336,1351,1365,1375,1381,1384,1386,1384,1378,1373,1367,1358,1348,1341,1339,1343,1354,1363,1362,1359,1360,1372,1381,1388,1398,1412,1424,1444,1467,1484,1496,1506,1511,1514,1517,1519,1517,1508,1495,1482,1472,1461,1447,1436,1429,1423,1415,1405,1397,1393,1389,1385,1379,1373,1371,1374,1376,1380,1386,1391,1398,1409,1422,1438,1444,1453,1457,1448,1435,1426,1415,1403,1383,1360,1338,1317,1289,1265,1247,1225,1203,1182,1160,1143,1126,1117,1105,1086,1064,1041,1023,1018,1025,1036,1044,1047,1059,1067,1067,1070,1080,1085,1079,1068,1054,1034,1016,1004,990,973,953,941,925,901,880,855,830,808,787,770,763,767,776,786
1537,1540,1542,1540,1540,1541,1540,1544,1553,1563,1573,1585,1596,1604,1614,1626,1632,1633,1632,1631,1630,1622,1607,1591,1577,1565,1549,1537,1523,1512,1503,1495,1493,1494,1502,1510,1514,1512,1504,1495,1489,1485,1480,1474,1473,1469,1462,1451,1442,1434,1426,1411,1399,1390,1383,1377,1372,1368,1365,1359,1353,1350,1347,1346,1347,1348,1348,1345,1340,1335,1331,1330,1330,1330,1328,1324,1318,1307,1296,1288,1279,1273,1269,1267,1267,1267,1267,1267,1267,1268,1269,1272,1277,1282,1286,1288,1284,1277,1269,1262,1255,1247,1240,1241,1246,1253,1257,1257,1260,1265,1275,1285,1296,1307,1315,1316,1317,1319,1317,1310,1300,1293,1294,1307,1318,1318,1312,1302,1297,1299,1307,1319,1333,1350,1366,1379,1388,1394,1398,1396,1387,1382,1376,1369,1362,1352,1346,1347,1357,1366,1369,1366,1364,1369,1377,1385,1395,1408,1418,1436,1462,1482,1498,1511,1521,1528,1533,1530,1521,1508,1493,1484,1480,1475,1461,1450,1443,1435,1424,1416,1408,1402,1397,1392,1389,1385,1383,1388,1390,1394,1401,1405,1411,1420,1430,1436,1434,1435,1433,1424,1413,1397,1389,1377,1355,1339,1320,1299,1273,1254,1236,1219,1193,1168,1145,1128,1113,1107,1093,1074,1056,1038,1033,1042,1056,1066,1071,1077,1088,1095,1095,1096,1099,1097,1089,1074,1056,1037,1023,1014,1002,983,964,951,935,913,894,872,844,823,802,782,769,763,763,768
1532,1538,1545,1549,1556,1556,1551,1547,1552,1561,1571,1582,1593,1604,1618,1630,1635,1633,1627,1623,1620,1611,1601,1589,1576,1563,1547,1535,1524,1514,1504,1493,1490,1488,1489,1493,1497,1497,1492,1485,1480,1477,1472,1468,1467,1464,1457,1446,1435,1425,1416,1403,1394,1388,1383,1378,1371,1365,1360,1354,1348,1345,1343,1343,1345,1347,1347,1343,1335,1327,1321,1318,1319,1317,1317,1315,1311,1302,1291,1282,1276,1272,1270,1269,1270,1273,1276,1277,1277,1275,1274,1275,1277,1280,1284,1284,1280,1274,1267,1260,1255,1248,1245,1248,1254,1259,1262,1263,1265,1269,1279,1289,1299,1309,1316,1322,1326,1328,1327,1317,1305,1298,1300,1311,1322,1320,1312,1306,1302,1303,1309,1319,1333,1349,1365,1379,1392,1400,1405,1405,1399,1393,1386,1379,1370,1361,1355,1354,1362,1370,1375,1376,1374,1375,1379,1387,1399,1412,1420,1431,1454,1479,1497,1513,1527,1539,1544,1539,1528,1515,1500,1492,1491,1488,1478,1467,1459,1448,1435,1424,1416,1408,1402,1399,1398,1397,1397,1401,1403,1408,1414,1420,1423,1425,1426,1420,1413,1410,1405,1400,1390,1375,1367,1355,1332,1316,1299,1281,1260,1243,1225,1209,1182,1156,1132,1118,1104,1095,1079,1059,1051,1047,1055,1072,1084,1090,1098,1107,1114,1121,1120,1114,1108,1096,1081,1066,1049,1032,1021,1012,999,981,964,950,936,915,896,876,851,829,813,795,781,774,768,764
1524,1532,1543,1554,1564,1567,1563,1557,1558,1564,1572,1584,1596,1611,1625,1631,1631,1627,1619,1613,1606,1597,1594,1586,1575,1560,1543,1531,1523,1518,1507,1497,1488,1481,1475,1475,1479,1481,1481,1477,1472,1468,1462,1459,1459,1456,1449,1437,1425,1413,1402,1391,1386,1381,1378,1374,1369,1364,1358,1351,1344,1340,1337,1336,1338,1339,1339,1335,1325,1316,1311,1308,1306,1305,1306,1306,1302,1295,1286,1279,1274,1273,1273,1274,1275,1280,1285,1290,1288,1284,1281,1279,1279,1279,1281,1280,1277,1270,1264,1259,1254,1250,1251,1257,1263,1266,1266,1268,1271,1275,1285,1296,1306,1314,1321,1329,1334,1335,1332,1319,1309,1306,1310,1321,1327,1323,1316,1310,1308,1309,1314,1323,1336,1350,1366,1382,1395,1404,1411,1416,1413,1406,1395,1385,1374,1368,1364,1364,1368,1374,1380,1385,1385,1384,1385,1392,1405,1417,1429,1440,1456,1480,1497,1513,1530,1545,1548,1544,1535,1524,1513,1508,1506,1503,1493,1483,1473,1463,1447,1434,1424,1416,1411,1409,1408,1408,1411,1413,1414,1421,1428,1430,1426,1419,1411,1399,1391,1387,1378,1370,1365,1354,1348,1337,1315,1299,1282,1266,1251,1232,1211,1191,1166,1144,1123,1110,1096,1086,1070,1054,1053,1063,1075,1088,1095,1105,1120,1129,1133,1139,1134,1119,1105,1085,1064,1050,1035,1024,1012,1002,986,969,952,940,926,907,889,874,851,832,818,807,799,794,783,774
1518,1530,1542,1553,1565,1572,1572,1569,1567,1571,1579,1590,1604,1618,1628,1630,1627,1620,1612,1602,1591,1583,1583,1580,1571,1557,1540,1528,1521,1516,1508,1500,1488,1476,1466,1465,1466,1468,1470,1465,1461,1457,1451,1447,1445,1443,1437,1425,1412,1400,1389,1381,1378,1375,1372,1369,1366,1361,1357,1350,1344,1339,1334,1331,1332,1330,1328,1324,1316,1309,1306,1303,1299,1300,1302,1300,1296,1291,1285,1279,1277,1279,1280,1281,1284,1286,1292,1299,1300,1296,1292,1288,1284,1280,1280,1279,1275,1269,1264,1259,1254,1253,1258,1265,1270,1272,1272,1275,1278,1285,1294,1305,1313,1320,1328,1337,1342,1342,1336,1322,1315,1316,1321,1332,1334,1330,1323,1315,1314,1320,1325,1331,1342,1354,1369,1387,1399,1411,1421,1426,1422,1413,1401,1389,1379,1377,1376,1376,1377,1379,1385,1390,1394,1393,1393,1398,1407,1421,1438,1454,1464,1482,1499,1514,1529,1543,1548,1546,1540,1532,1527,1527,1524,1519,1508,1497,1485,1473,1455,1443,1433,1427,1426,1424,1423,1423,1427,1425,1426,1432,1437,1431,1420,1409,1394,1380,1372,1363,1351,1340,1338,1332,1326,1314,1298,1283,1265,1253,1241,1218,1190,1171,1150,1131,1113,1099,1088,1081,1070,1062,1066,1079,1091,1101,1108,1121,1137,1146,1146,1143,1133,1114,1097,1070,1049,1035,1025,1014,1000,987,971,954,940,929,917,901,884,869,852,837,828,823,820,814,801,792
1514,1529,1540,1551,1566,1576,1578,1578,1577,1580,1586,1598,1611,1622,1628,1628,1624,1614,1604,1591,1578,1571,1569,1566,1559,1549,1535,1524,1517,1510,1504,1498,1489,1478,1469,1464,1461,1460,1458,1453,1450,1446,1440,1435,1433,1431,1426,1415,1403,1393,1384,1377,1376,1375,1372,1368,1364,1360,1354,1349,1344,1340,1336,1334,1330,1325,1320,1317,1311,1309,1311,1308,1302,1302,1301,1298,1294,1290,1285,1281,1281,1285,1287,1288,1289,1289,1295,1304,1307,1305,1301,1294,1289,1284,1282,1281,1278,1273,1268,1262,1257,1259,1266,1273,1277,1279,1281,1284,1289,1297,1306,1313,1319,1325,1335,1345,1350,1348,1341,1327,1322,1326,1332,1339,1339,1336,1329,1321,1321,1330,1337,1342,1349,1360,1376,1392,1405,1420,1432,1435,1425,1414,1403,1392,1388,1390,1392,1393,1389,1386,1390,1398,1404,1406,1405,1405,1410,1423,1439,1454,1467,1483,1501,1515,1529,1542,1549,1551,1547,1541,1541,1542,1540,1533,1519,1507,1492,1477,1459,1448,1442,1439,1439,1441,1441,1441,1443,1440,1438,1439,1437,1423,1408,1396,1380,1363,1350,1337,1326,1316,1313,1310,1304,1290,1280,1266,1251,1242,1226,1199,1174,1159,1138,1119,1104,1090,1084,1081,1080,1080,1084,1096,1107,1116,1126,1140,1154,1161,1157,1142,1125,1104,1086,1061,1042,1028,1019,1004,990,976,964,949,939,928,920,908,889,873,861,851,845,838,835,830,820,811
1511,1526,1535,1547,1562,1573,1579,1581,1583,1585,1591,1602,1614,1625,1629,1627,1620,1611,1599,1585,1574,1566,1559,1552,1547,1539,1528,1520,1512,1505,1500,1495,1489,1484,1480,1473,1463,1455,1448,1444,1440,1435,1430,1425,1424,1424,1419,1407,1400,1394,1387,1380,1380,1380,1378,1373,1367,1361,1354,1347,1342,1340,1338,1337,1332,1325,1319,1315,1314,1315,1319,1318,1312,1307,1304,1299,1294,1289,1286,1284,1286,1290,1292,1292,1292,1294,1299,1307,1309,1308,1303,1296,1292,1288,1285,1286,1285,1281,1272,1265,1262,1266,1275,1281,1284,1285,1288,1294,1301,1308,1316,1324,1329,1335,1345,1353,1356,1353,1345,1333,1330,1335,1343,1348,1347,1341,1332,1324,1325,1334,1345,1352,1359,1371,1384,1396,1410,1425,1438,1441,1429,1416,1403,1395,1398,1403,1407,1408,1403,1396,1399,1407,1414,1418,1417,1416,1420,1428,1437,1447,1459,1475,1495,1512,1526,1537,1550,1556,1557,1556,1558,1557,1553,1543,1525,1513,1497,1481,1465,1455,1450,1449,1451,1455,1458,1459,1460,1459,1454,1445,1431,1411,1394,1382,1366,1343,1328,1317,1309,1299,1295,1293,1287,1274,1262,1250,1241,1228,1210,1187,1165,1149,1126,1112,1102,1095,1090,1094,1097,1099,1105,1115,1123,1130,1145,1160,1170,1175,1168,1146,1125,1103,1083,1063,1051,1039,1026,1003,991,980,974,963,952,944,937,926,909,896,884,872,863,855,850,846,838,831
1507,1522,1531,1540,1554,1566,1573,1577,1579,1584,1592,1605,1616,1626,1630,1628,1621,1613,1602,1590,1583,1573,1559,1548,1542,1534,1523,1515,1508,1503,1498,1491,1487,1486,1485,1478,1467,1454,1444,1438,1434,1429,1425,1421,1419,1418,1412,1404,1402,1400,1396,1390,1390,1389,1386,1382,1374,1365,1355,1344,1338,1338,1338,1336,1331,1326,1323,1322,1325,1325,1326,1327,1324,1321,1314,1304,1296,1291,1290,1291,1293,1298,1298,1298,1298,1299,1302,1308,1310,1308,1302,1295,1291,1290,1290,1293,1293,1288,1275,1267,1265,1269,1279,1288,1292,1293,1294,1300,1307,1315,1326,1337,1344,1350,1359,1363,1362,1359,1351,1343,1340,1347,1355,1359,1358,1350,1337,1327,1329,1339,1351,1365,1374,1383,1393,1402,1412,1427,1441,1445,1434,1419,1405,1403,1407,1411,1415,1416,1413,1409,1410,1414,1421,1428,1429,1430,1433,1437,1443,1446,1453,1467,1486,1505,1519,1535,1551,1561,1567,1571,1572,1570,1563,1548,1530,1519,1503,1489,1474,1463,1458,1459,1463,1471,1475,1476,1476,1473,1465,1448,1425,1404,1383,1368,1348,1326,1312,1301,1292,1284,1282,1278,1275,1265,1249,1237,1225,1210,1192,1173,1154,1135,1116,1111,1111,1112,1109,1116,1119,1122,1125,1133,1143,1153,1168,1180,1187,1186,1177,1155,1134,1114,1096,1079,1068,1060,1046,1018,1002,993,990,984,977,969,958,948,935,923,910,893,883,877,870,865,856,852
1504,1519,1528,1535,1546,1558,1563,1569,1573,1579,1591,1606,1616,1627,1631,1630,1625,1619,1612,1604,1598,1585,1565,1551,1542,1532,1521,1511,1504,1501,1495,1487,1482,1482,1480,1473,1466,1457,1448,1442,1439,1435,1430,1425,1421,1417,1411,1407,1408,1409,1407,1404,1400,1395,1391,1388,1379,1364,1351,1342,1337,1336,1336,1334,1329,1327,1327,1330,1335,1336,1336,1335,1336,1333,1324,1309,1300,1295,1294,1297,1303,1308,1307,1308,1309,1307,1307,1310,1311,1309,1302,1295,1292,1292,1295,1297,1297,1291,1278,1271,1269,1270,1277,1288,1296,1298,1299,1303,1309,1318,1334,1347,1357,1367,1374,1375,1369,1364,1358,1353,1354,1361,1368,1370,1367,1358,1345,1334,1338,1347,1362,1381,1392,1399,1405,1412,1420,1433,1447,1449,1440,1424,1413,1414,1417,1420,1422,1422,1423,1422,1421,1422,1428,1437,1442,1444,1447,1453,1459,1459,1460,1467,1480,1499,1517,1535,1553,1565,1576,1582,1584,1583,1574,1555,1535,1525,1511,1499,1484,1470,1467,1470,1478,1486,1490,1492,1490,1479,1466,1444,1419,1398,1376,1355,1336,1317,1301,1287,1273,1268,1268,1266,1266,1259,1241,1222,1205,1192,1176,1159,1144,1128,1118,1122,1129,1135,1135,1135,1138,1143,1145,1155,1171,1181,1192,1198,1200,1196,1184,1166,1145,1128,1116,1100,1089,1077,1061,1038,1020,1011,1008,1006,1003,995,982,971,959,947,933,916,906,902,893,883,872,869
1502,1515,1526,1532,1543,1553,1558,1564,1570,1576,1590,1605,1614,1625,1631,1630,1627,1624,1620,1614,1606,1588,1568,1553,1543,1532,1520,1510,1504,1501,1494,1486,1481,1479,1475,1470,1468,1464,1459,1455,1450,1445,1440,1436,1432,1426,1418,1415,1416,1417,1415,1411,1405,1397,1389,1384,1373,1358,1348,1342,1338,1336,1336,1335,1331,1330,1332,1336,1342,1344,1344,1342,1340,1334,1325,1310,1301,1297,1297,1303,1313,1318,1317,1317,1320,1320,1317,1316,1315,1311,1304,1298,1296,1297,1298,1298,1297,1291,1280,1275,1273,1272,1275,1284,1293,1298,1303,1308,1313,1322,1336,1350,1363,1374,1383,1383,1377,1371,1366,1367,1371,1376,1379,1379,1373,1362,1349,1340,1345,1357,1374,1392,1406,1414,1420,1426,1436,1447,1455,1455,1444,1428,1421,1424,1427,1430,1431,1430,1433,1436,1434,1433,1437,1445,1454,1460,1468,1476,1480,1478,1473,1472,1480,1497,1517,1538,1556,1571,1585,1594,1594,1592,1585,1564,1545,1532,1518,1505,1490,1479,1479,1486,1495,1500,1502,1503,1495,1479,1461,1436,1414,1396,1372,1352,1331,1311,1295,1279,1265,1255,1255,1255,1254,1248,1233,1209,1190,1177,1165,1148,1140,1137,1136,1144,1153,1160,1160,1152,1154,1163,1168,1178,1193,1202,1212,1216,1215,1206,1193,1175,1156,1143,1136,1122,1109,1091,1072,1053,1039,1034,1032,1027,1024,1017,1004,990,978,966,951,937,930,924,911,899,887,884
1503,1513,1523,1532,1544,1553,1558,1563,1569,1576,1589,1602,1610,1619,1626,1627,1627,1625,1621,1615,1602,1583,1564,1552,1541,1531,1522,1516,1512,1507,1500,1492,1485,1481,1477,1476,1476,1476,1472,1466,1458,1455,1453,1449,1441,1432,1425,1424,1425,1423,1417,1410,1401,1392,1382,1374,1364,1352,1346,1342,1339,1337,1341,1342,1339,1339,1340,1343,1348,1348,1347,1344,1337,1329,1320,1309,1302,1298,1301,1309,1319,1325,1326,1325,1327,1329,1327,1323,1319,1313,1307,1302,1300,1301,1301,1301,1299,1292,1283,1278,1276,1277,1279,1284,1293,1301,1308,1315,1319,1325,1335,1347,1360,1372,1384,1388,1386,1380,1377,1383,1388,1391,1391,1386,1375,1362,1349,1342,1348,1363,1381,1397,1412,1426,1436,1445,1454,1460,1462,1458,1444,1429,1423,1427,1435,1441,1442,1440,1444,1449,1448,1448,1448,1453,1462,1473,1484,1493,1498,1496,1490,1485,1487,1499,1519,1540,1559,1576,1591,1599,1595,1592,1586,1571,1553,1537,1521,1509,1499,1494,1497,1504,1510,1512,1511,1504,1490,1471,1454,1433,1413,1393,1370,1353,1331,1310,1297,1283,1270,1253,1245,1243,1236,1231,1220,1202,1181,1170,1161,1150,1150,1159,1164,1170,1179,1184,1183,1176,1177,1188,1195,1201,1212,1221,1232,1237,1229,1218,1202,1185,1172,1163,1156,1140,1123,1105,1085,1070,1060,1057,1058,1055,1045,1037,1023,1007,996,986,970,958,947,939,930,917,904,896
1508,1514,1525,1537,1548,1555,1559,1563,1568,1576,1586,1597,1605,1615,1622,1624,1625,1624,1619,1609,1594,1576,1561,1550,1541,1533,1526,1525,1525,1520,1513,1502,1492,1485,1482,1485,1488,1489,1485,1475,1468,1467,1465,1457,1444,1434,1433,1432,1432,1428,1416,1406,1395,1386,1376,1368,1359,1350,1346,1343,1341,1343,1350,1354,1352,1351,1350,1351,1353,1350,1347,1343,1332,1323,1315,1308,1303,1302,1306,1314,1324,1331,1334,1334,1333,1334,1333,1328,1321,1314,1308,1306,1305,1305,1306,1307,1305,1298,1288,1281,1281,1283,1285,1287,1297,1307,1315,1320,1324,1329,1337,1346,1357,1371,1385,1396,1397,1393,1390,1396,1404,1405,1403,1392,1378,1363,1352,1348,1352,1364,1381,1397,1415,1434,1447,1459,1468,1468,1465,1458,1444,1433,1429,1431,1441,1448,1449,1447,1452,1459,1463,1466,1465,1466,1473,1484,1494,1504,1514,1514,1508,1504,1500,1507,1523,1541,1558,1575,1590,1596,1591,1584,1579,1571,1556,1539,1525,1519,1513,1513,1515,1520,1522,1520,1512,1497,1478,1458,1448,1431,1410,1389,1368,1353,1335,1315,1304,1294,1279,1259,1242,1233,1223,1216,1206,1196,1179,1169,1168,1167,1173,1184,1192,1198,1205,1208,1207,1202,1202,1209,1216,1223,1234,1246,1255,1253,1245,1236,1220,1200,1191,1183,1170,1150,1133,1119,1103,1090,1083,1078,1079,1075,1064,1054,1039,1026,1017,1005,992,982,967,954,950,934,918,904
1509,1515,1527,1540,1549,1554,1558,1560,1566,1573,1582,1592,1601,1610,1617,1621,1622,1620,1614,1603,1588,1573,1562,1552,1543,1537,1536,1536,1535,1531,1523,1510,1497,1490,1488,1492,1497,1500,1495,1486,1478,1476,1468,1456,1443,1439,1442,1443,1438,1428,1416,1406,1395,1385,1377,1371,1361,1353,1348,1346,1345,1349,1356,1363,1364,1362,1360,1359,1356,1351,1346,1340,1329,1320,1313,1308,1305,1307,1312,1319,1327,1335,1341,1342,1342,1341,1340,1333,1323,1314,1311,1310,1309,1308,1311,1314,1313,1305,1294,1287,1286,1289,1288,1290,1298,1309,1318,1323,1329,1335,1342,1350,1361,1376,1391,1404,1409,1407,1404,1408,1414,1416,1411,1398,1382,1367,1360,1358,1358,1363,1376,1395,1418,1439,1455,1469,1477,1476,1471,1462,1450,1441,1435,1435,1443,1451,1456,1457,1460,1468,1477,1482,1482,1481,1486,1496,1505,1518,1527,1528,1525,1522,1517,1517,1527,1540,1556,1571,1583,1590,1585,1576,1571,1566,1556,1540,1531,1532,1532,1532,1532,1533,1530,1522,1507,1487,1464,1448,1441,1422,1402,1383,1367,1353,1335,1318,1306,1296,1281,1264,1245,1227,1215,1205,1196,1189,1182,1176,1180,1188,1197,1205,1216,1221,1228,1235,1230,1226,1225,1230,1233,1243,1259,1267,1273,1269,1265,1257,1242,1217,1205,1196,1179,1156,1141,1131,1119,1108,1103,1096,1095,1090,1080,1069,1056,1045,1035,1024,1016,1008,988,969,965,948,928,911
1509,1516,1528,1538,1546,1549,1551,1554,1561,1569,1578,1587,1598,1605,1610,1614,1616,1614,1608,1599,1586,1574,1565,1556,1547,1544,1546,1547,1543,1537,1526,1511,1499,1494,1495,1499,1505,1508,1502,1492,1484,1477,1466,1453,1445,1447,1452,1452,1443,1429,1417,1408,1397,1387,1381,1375,1366,1357,1353,1350,1350,1354,1361,1369,1372,1370,1369,1367,1362,1352,1345,1338,1328,1320,1316,1311,1310,1313,1316,1320,1328,1338,1344,1348,1350,1349,1346,1336,1325,1318,1316,1315,1313,1314,1319,1322,1321,1313,1302,1295,1293,1294,1292,1291,1297,1306,1317,1324,1332,1339,1347,1356,1368,1382,1398,1415,1423,1424,1423,1421,1422,1422,1413,1399,1385,1374,1371,1370,1369,1368,1374,1393,1421,1444,1462,1474,1484,1489,1483,1473,1462,1451,1441,1437,1444,1457,1465,1469,1471,1480,1490,1496,1498,1497,1500,1506,1516,1530,1539,1540,1539,1536,1532,1529,1534,1544,1557,1571,1581,1588,1582,1573,1568,1565,1557,1547,1544,1547,1553,1549,1547,1545,1536,1523,1504,1479,1457,1444,1434,1411,1391,1375,1364,1350,1330,1313,1299,1287,1275,1263,1242,1222,1206,1197,1192,1189,1189,1189,1196,1207,1218,1224,1232,1239,1249,1258,1255,1253,1253,1257,1254,1269,1279,1284,1290,1290,1282,1268,1252,1229,1212,1202,1186,1165,1152,1144,1134,1126,1122,1117,1116,1109,1097,1085,1073,1066,1058,1050,1041,1030,1005,987,976,961,939,923
1508,1515,1524,1533,1540,1543,1546,1550,1556,1565,1575,1585,1596,1603,1605,1607,1609,1608,1604,1598,1590,1580,1572,1564,1556,1554,1555,1553,1547,1538,1524,1509,1501,1501,1504,1508,1513,1514,1507,1495,1485,1474,1462,1455,1452,1456,1460,1458,1448,1433,1420,1411,1400,1390,1384,1376,1367,1360,1355,1354,1355,1359,1366,1373,1376,1376,1373,1371,1366,1355,1345,1337,1327,1323,1320,1316,1316,1318,1319,1321,1329,1338,1345,1351,1356,1355,1349,1337,1328,1325,1322,1320,1320,1322,1325,1328,1327,1320,1310,1301,1298,1297,1297,1296,1299,1307,1317,1324,1330,1337,1348,1359,1371,1385,1402,1419,1432,1437,1439,1436,1432,1428,1416,1400,1390,1385,1385,1384,1383,1381,1384,1399,1424,1446,1463,1477,1490,1498,1495,1486,1475,1465,1453,1445,1451,1463,1473,1480,1486,1493,1501,1509,1512,1513,1515,1517,1524,1539,1551,1555,1554,1548,1543,1542,1545,1554,1566,1579,1588,1592,1586,1577,1572,1569,1564,1560,1562,1564,1569,1566,1563,1556,1540,1525,1503,1476,1453,1440,1424,1400,1383,1368,1357,1342,1322,1302,1286,1274,1265,1253,1238,1222,1205,1196,1196,1198,1202,1205,1212,1225,1239,1246,1252,1259,1269,1275,1283,1282,1282,1283,1282,1295,1300,1304,1309,1307,1294,1275,1258,1239,1219,1210,1199,1180,1169,1167,1160,1149,1143,1141,1139,1131,1118,1102,1086,1081,1079,1072,1061,1047,1021,1000,984,967,947,937
1509,1515,1523,1531,1537,1541,1545,1549,1556,1565,1574,1583,1591,1598,1599,1601,1602,1602,1602,1600,1598,1591,1583,1575,1568,1564,1561,1557,1548,1536,1522,1510,1507,1509,1514,1518,1521,1519,1508,1493,1481,1474,1466,1464,1465,1467,1468,1463,1453,1439,1428,1417,1405,1394,1386,1376,1368,1364,1361,1360,1361,1364,1367,1372,1375,1375,1372,1370,1364,1356,1346,1335,1327,1323,1322,1322,1323,1324,1324,1326,1332,1340,1346,1352,1358,1358,1350,1340,1333,1331,1328,1328,1330,1331,1332,1333,1331,1325,1315,1307,1303,1301,1301,1302,1305,1311,1320,1325,1329,1334,1345,1359,1371,1385,1400,1414,1429,1440,1446,1448,1443,1435,1421,1405,1397,1395,1398,1402,1400,1398,1398,1408,1426,1444,1461,1477,1494,1503,1504,1497,1485,1476,1466,1455,1458,1469,1479,1490,1499,1503,1510,1519,1524,1526,1527,1527,1532,1546,1561,1571,1570,1559,1552,1552,1555,1566,1581,1592,1598,1600,1596,1588,1581,1579,1577,1575,1579,1581,1583,1583,1581,1566,1540,1521,1501,1475,1454,1437,1418,1393,1378,1364,1349,1333,1314,1290,1274,1265,1258,1249,1239,1229,1211,1201,1204,1213,1218,1222,1233,1248,1263,1272,1277,1283,1289,1294,1309,1313,1309,1307,1309,1315,1320,1324,1322,1315,1300,1281,1267,1249,1232,1223,1215,1199,1191,1190,1185,1172,1164,1159,1154,1146,1136,1119,1100,1093,1093,1084,1070,1057,1040,1007,990,967,949,939
1516,1521,1527,1534,1539,1544,1549,1555,1562,1566,1573,1580,1585,1590,1594,1595,1597,1600,1602,1604,1606,1602,1592,1583,1577,1570,1563,1557,1547,1536,1523,1514,1512,1516,1523,1527,1525,1519,1507,1490,1481,1481,1480,1479,1477,1475,1472,1466,1452,1439,1430,1420,1408,1396,1388,1377,1370,1368,1367,1367,1366,1365,1365,1366,1368,1369,1366,1362,1359,1351,1342,1333,1327,1325,1327,1331,1333,1333,1334,1337,1341,1344,1347,1351,1356,1357,1351,1342,1338,1338,1337,1339,1342,1341,1339,1339,1335,1328,1319,1314,1310,1308,1306,1306,1309,1316,1324,1330,1334,1337,1345,1356,1368,1380,1391,1404,1419,1435,1446,1453,1451,1443,1429,1413,1405,1406,1413,1419,1418,1414,1410,1414,1428,1444,1461,1478,1496,1506,1509,1503,1492,1484,1474,1464,1467,1476,1487,1502,1510,1515,1521,1530,1536,1539,1539,1537,1541,1552,1569,1584,1585,1576,1568,1564,1567,1581,1596,1605,1609,1610,1608,1605,1601,1597,1593,1591,1595,1599,1597,1595,1591,1572,1542,1520,1501,1480,1457,1440,1422,1396,1381,1366,1344,1326,1307,1282,1270,1264,1259,1252,1245,1232,1215,1205,1215,1230,1237,1243,1260,1273,1286,1294,1303,1308,1313,1322,1335,1339,1333,1331,1333,1335,1338,1334,1324,1312,1296,1276,1266,1252,1240,1230,1222,1211,1202,1199,1192,1182,1173,1163,1157,1154,1144,1132,1117,1106,1103,1089,1071,1059,1049,1014,992,969,949,934
1522,1527,1533,1539,1545,1552,1559,1567,1570,1571,1576,1582,1586,1589,1591,1592,1595,1599,1603,1607,1610,1606,1596,1586,1578,1571,1564,1557,1550,1540,1529,1522,1522,1525,1532,1532,1525,1518,1510,1495,1489,1492,1494,1492,1486,1478,1471,1460,1448,1437,1427,1418,1408,1399,1392,1380,1373,1371,1372,1373,1369,1365,1363,1361,1364,1364,1360,1354,1350,1343,1337,1331,1329,1330,1334,1339,1342,1344,1348,1350,1351,1351,1349,1351,1356,1358,1353,1347,1343,1343,1345,1351,1355,1352,1347,1344,1339,1333,1327,1322,1319,1316,1311,1310,1312,1319,1328,1336,1343,1347,1350,1356,1365,1374,1382,1394,1409,1427,1442,1454,1458,1453,1440,1421,1415,1416,1425,1431,1431,1425,1419,1420,1433,1450,1466,1484,1501,1509,1513,1508,1498,1491,1483,1478,1478,1484,1496,1511,1521,1531,1539,1546,1550,1557,1555,1549,1553,1566,1584,1595,1597,1591,1584,1579,1581,1593,1608,1616,1619,1618,1617,1622,1625,1620,1614,1606,1611,1614,1608,1598,1591,1577,1551,1526,1506,1487,1464,1445,1429,1404,1388,1368,1339,1319,1302,1282,1273,1268,1262,1251,1243,1232,1219,1216,1229,1247,1257,1268,1286,1297,1308,1315,1326,1331,1337,1350,1358,1360,1357,1354,1351,1350,1347,1336,1319,1302,1284,1266,1254,1242,1231,1221,1214,1201,1194,1189,1181,1174,1166,1156,1152,1151,1143,1134,1122,1112,1106,1089,1070,1058,1045,1013,985,964,945,927
1521,1529,1536,1542,1551,1561,1569,1577,1579,1580,1584,1590,1594,1594,1593,1593,1595,1599,1603,1607,1607,1604,1594,1583,1575,1571,1566,1560,1555,1547,1538,1533,1534,1538,1541,1537,1528,1523,1517,1509,1505,1506,1506,1502,1493,1482,1469,1456,1448,1441,1434,1422,1411,1404,1396,1384,1377,1376,1379,1380,1373,1369,1366,1364,1367,1365,1358,1351,1345,1340,1335,1331,1331,1337,1342,1346,1348,1353,1357,1360,1361,1357,1354,1356,1361,1364,1359,1354,1349,1348,1352,1359,1364,1361,1355,1350,1345,1340,1333,1329,1325,1321,1316,1314,1315,1321,1329,1339,1348,1354,1359,1362,1367,1373,1382,1393,1409,1427,1442,1456,1464,1462,1450,1435,1426,1424,1432,1440,1439,1431,1424,1426,1441,1458,1472,1489,1505,1513,1516,1513,1506,1500,1497,1493,1489,1493,1505,1519,1533,1547,1558,1563,1568,1575,1573,1570,1575,1587,1597,1604,1608,1606,1600,1595,1595,1603,1617,1625,1627,1626,1628,1636,1643,1644,1641,1625,1619,1621,1611,1596,1587,1578,1554,1530,1513,1493,1472,1451,1433,1408,1389,1366,1337,1317,1301,1286,1278,1271,1261,1247,1235,1233,1228,1230,1243,1260,1273,1289,1306,1317,1329,1338,1345,1350,1359,1375,1382,1383,1381,1377,1364,1355,1345,1331,1313,1291,1272,1254,1241,1227,1215,1206,1198,1185,1179,1171,1163,1159,1149,1143,1141,1134,1127,1122,1115,1108,1100,1083,1066,1053,1033,1000,972,953,935,918
1518,1526,1534,1543,1557,1570,1576,1580,1583,1586,1591,1599,1603,1602,1600,1600,1600,1602,1603,1604,1602,1599,1590,1579,1573,1571,1571,1567,1562,1555,1548,1544,1547,1550,1547,1541,1537,1536,1531,1523,1520,1519,1518,1511,1500,1488,1475,1464,1455,1450,1444,1430,1417,1407,1398,1386,1382,1383,1387,1386,1380,1377,1375,1374,1375,1370,1359,1350,1342,1339,1336,1335,1339,1348,1355,1359,1359,1360,1365,1369,1369,1364,1362,1364,1370,1372,1366,1361,1357,1355,1356,1361,1367,1367,1360,1356,1352,1347,1339,1334,1329,1325,1322,1320,1320,1323,1330,1337,1346,1355,1363,1368,1374,1381,1390,1403,1421,1438,1452,1462,1467,1466,1458,1447,1438,1436,1443,1449,1446,1438,1432,1434,1448,1464,1477,1493,1509,1517,1521,1522,1519,1513,1509,1504,1501,1506,1518,1532,1547,1563,1572,1578,1586,1591,1591,1593,1600,1604,1609,1619,1627,1626,1620,1613,1610,1616,1627,1634,1637,1637,1643,1652,1663,1667,1667,1651,1623,1621,1610,1588,1576,1568,1546,1527,1511,1493,1473,1455,1434,1410,1388,1362,1338,1318,1303,1292,1284,1272,1259,1246,1238,1239,1242,1246,1258,1271,1286,1304,1317,1332,1349,1359,1366,1370,1380,1394,1402,1403,1399,1391,1370,1352,1338,1322,1303,1283,1262,1244,1230,1215,1202,1194,1184,1173,1167,1158,1153,1144,1131,1127,1121,1108,1102,1102,1100,1094,1083,1067,1055,1040,1010,983,962,943,924,907
1514,1523,1532,1544,1562,1574,1577,1579,1582,1586,1594,1605,1611,1610,1609,1608,1608,1606,1605,1604,1600,1595,1588,1582,1578,1576,1576,1575,1572,1565,1559,1556,1557,1557,1551,1546,1546,1548,1543,1534,1528,1525,1525,1516,1504,1494,1484,1474,1465,1455,1447,1433,1419,1408,1398,1389,1387,1390,1392,1392,1386,1383,1381,1379,1378,1371,1359,1350,1341,1339,1337,1338,1348,1360,1369,1374,1375,1373,1374,1377,1379,1376,1372,1372,1376,1377,1373,1369,1365,1362,1359,1363,1370,1371,1365,1361,1356,1350,1344,1338,1334,1331,1327,1326,1326,1327,1331,1335,1343,1352,1361,1369,1380,1391,1401,1414,1431,1449,1462,1471,1474,1472,1464,1454,1448,1447,1453,1458,1457,1450,1444,1443,1455,1471,1483,1498,1514,1526,1532,1536,1536,1527,1518,1510,1509,1517,1531,1546,1562,1574,1581,1591,1602,1607,1609,1613,1618,1619,1624,1636,1645,1645,1644,1637,1632,1636,1643,1646,1647,1649,1656,1667,1680,1681,1678,1659,1625,1614,1602,1575,1558,1550,1533,1516,1503,1488,1470,1453,1434,1410,1387,1355,1334,1318,1304,1295,1285,1273,1259,1252,1250,1251,1255,1259,1270,1284,1300,1316,1331,1353,1371,1378,1384,1390,1400,1411,1418,1416,1407,1393,1369,1347,1329,1312,1297,1280,1260,1241,1229,1217,1205,1193,1175,1164,1155,1148,1146,1134,1116,1106,1092,1081,1078,1080,1079,1073,1060,1048,1039,1022,998,976,957,933,913,892
1512,1525,1536,1550,1565,1573,1575,1577,1580,1586,1597,1608,1614,1615,1615,1614,1614,1612,1609,1607,1602,1596,1593,1592,1589,1585,1583,1583,1582,1578,1572,1568,1565,1563,1555,1551,1552,1552,1545,1535,1526,1519,1516,1510,1500,1494,1485,1474,1465,1456,1446,1430,1417,1405,1398,1392,1391,1393,1394,1393,1388,1384,1378,1375,1374,1367,1357,1349,1342,1340,1338,1340,1352,1367,1377,1384,1386,1385,1383,1385,1388,1386,1381,1378,1380,1381,1380,1379,1374,1368,1366,1368,1373,1374,1369,1363,1357,1350,1345,1341,1340,1338,1334,1332,1333,1333,1334,1336,1342,1350,1358,1367,1380,1394,1404,1418,1432,1449,1466,1479,1483,1482,1474,1463,1458,1457,1461,1468,1470,1466,1457,1452,1462,1476,1490,1505,1522,1537,1546,1550,1549,1539,1526,1516,1515,1525,1538,1554,1571,1582,1592,1604,1615,1621,1627,1632,1634,1635,1640,1652,1658,1659,1666,1662,1656,1658,1662,1661,1661,1663,1668,1676,1682,1681,1670,1648,1619,1607,1590,1561,1543,1533,1515,1500,1491,1481,1466,1447,1427,1404,1379,1349,1331,1316,1302,1291,1283,1274,1265,1260,1262,1265,1268,1271,1284,1302,1321,1337,1351,1375,1389,1394,1400,1411,1418,1428,1429,1422,1406,1390,1368,1347,1328,1310,1302,1289,1273,1255,1244,1237,1229,1204,1183,1161,1146,1135,1135,1119,1100,1083,1070,1063,1060,1057,1058,1052,1040,1028,1021,1001,987,972,949,922,901,877
1510,1527,1540,1552,1565,1569,1571,1575,1580,1589,1602,1611,1614,1617,1618,1618,1618,1618,1616,1614,1607,1603,1604,1607,1605,1603,1596,1593,1593,1588,1583,1580,1575,1570,1561,1555,1552,1547,1538,1527,1517,1507,1501,1496,1491,1485,1477,1466,1458,1451,1443,1428,1414,1403,1399,1396,1394,1394,1395,1392,1386,1381,1373,1369,1367,1362,1354,1348,1345,1344,1341,1343,1356,1374,1385,1392,1395,1394,1391,1394,1395,1391,1386,1382,1383,1387,1390,1388,1380,1372,1374,1377,1379,1379,1374,1366,1359,1353,1348,1343,1344,1344,1340,1339,1340,1340,1339,1340,1346,1352,1357,1364,1375,1388,1400,1412,1426,1443,1461,1477,1488,1490,1484,1474,1469,1469,1474,1481,1483,1481,1474,1466,1471,1481,1494,1510,1528,1545,1558,1563,1560,1549,1538,1530,1528,1535,1544,1556,1572,1581,1592,1604,1618,1637,1646,1648,1652,1655,1659,1668,1672,1678,1684,1681,1675,1676,1677,1675,1677,1680,1680,1679,1676,1670,1652,1633,1615,1602,1577,1551,1534,1520,1498,1485,1476,1468,1454,1436,1415,1397,1374,1346,1330,1318,1301,1288,1281,1277,1271,1269,1275,1282,1285,1291,1306,1324,1342,1358,1374,1393,1405,1410,1421,1434,1440,1445,1437,1422,1404,1390,1373,1353,1337,1324,1319,1312,1299,1283,1269,1265,1256,1234,1212,1180,1151,1128,1123,1104,1090,1075,1065,1060,1050,1045,1040,1031,1019,1009,999,980,967,954,937,915,888,858
1503,1521,1533,1545,1558,1563,1565,1569,1578,1590,1603,1611,1614,1617,1619,1619,1619,1621,1623,1622,1616,1614,1620,1624,1625,1623,1615,1606,1601,1596,1592,1590,1584,1576,1567,1559,1552,1543,1530,1518,1510,1498,1488,1485,1482,1473,1463,1453,1448,1443,1436,1422,1411,1404,1403,1403,1398,1397,1397,1392,1385,1378,1370,1366,1363,1358,1351,1349,1349,1346,1345,1349,1364,1383,1396,1401,1403,1401,1400,1404,1402,1397,1391,1386,1387,1395,1399,1396,1385,1378,1380,1383,1385,1385,1380,1372,1364,1358,1352,1349,1349,1351,1347,1345,1345,1345,1344,1346,1352,1358,1361,1366,1373,1383,1394,1406,1422,1439,1455,1470,1483,1489,1488,1481,1479,1481,1488,1495,1496,1495,1489,1482,1482,1487,1496,1510,1527,1548,1564,1572,1567,1558,1550,1546,1544,1546,1551,1559,1568,1577,1587,1598,1620,1651,1664,1663,1666,1672,1675,1679,1683,1689,1693,1692,1692,1692,1691,1690,1692,1693,1688,1682,1674,1658,1635,1622,1609,1594,1568,1542,1525,1508,1488,1474,1464,1453,1437,1420,1403,1391,1373,1344,1330,1322,1307,1290,1286,1286,1286,1287,1293,1296,1299,1309,1325,1340,1357,1376,1394,1408,1422,1432,1443,1453,1459,1460,1443,1424,1410,1397,1382,1366,1356,1348,1340,1334,1325,1311,1299,1290,1275,1258,1241,1201,1169,1138,1125,1109,1096,1085,1073,1062,1048,1041,1030,1013,1000,992,982,969,952,936,925,909,877,846
1491,1508,1523,1535,1547,1554,1557,1562,1571,1585,1598,1607,1611,1614,1618,1618,1619,1623,1626,1629,1629,1632,1638,1639,1638,1636,1628,1616,1608,1603,1598,1595,1590,1581,1571,1562,1553,1543,1529,1518,1510,1498,1485,1480,1475,1464,1452,1443,1439,1435,1429,1420,1413,1410,1410,1409,1405,1402,1399,1390,1383,1378,1371,1367,1364,1359,1353,1350,1350,1347,1348,1354,1369,1388,1405,1411,1410,1407,1407,1412,1410,1406,1399,1395,1397,1405,1407,1404,1394,1386,1386,1388,1389,1389,1384,1376,1369,1362,1359,1357,1358,1358,1356,1354,1352,1350,1349,1351,1357,1362,1367,1371,1375,1381,1391,1402,1419,1434,1447,1462,1474,1484,1487,1486,1487,1494,1501,1507,1509,1508,1503,1498,1496,1498,1505,1515,1529,1548,1565,1573,1573,1567,1562,1558,1555,1557,1561,1566,1572,1581,1589,1598,1630,1672,1678,1678,1680,1683,1684,1683,1686,1689,1689,1691,1695,1698,1697,1697,1699,1699,1692,1685,1674,1652,1627,1614,1601,1585,1561,1538,1521,1505,1488,1472,1458,1445,1425,1407,1395,1387,1373,1347,1332,1323,1311,1299,1296,1300,1306,1311,1312,1310,1313,1327,1343,1357,1374,1395,1414,1424,1441,1455,1462,1468,1472,1470,1453,1432,1421,1413,1396,1387,1378,1371,1363,1354,1346,1334,1322,1306,1286,1268,1251,1210,1184,1152,1136,1123,1113,1105,1089,1068,1051,1038,1020,1001,989,982,972,964,947,928,913,899,868,841
1481,1496,1512,1524,1535,1540,1545,1551,1562,1574,1588,1599,1604,1609,1613,1615,1618,1623,1631,1639,1645,1651,1653,1651,1649,1645,1635,1624,1616,1610,1603,1599,1592,1583,1572,1563,1555,1545,1532,1522,1515,1503,1489,1480,1472,1461,1448,1439,1437,1435,1430,1427,1423,1420,1417,1413,1408,1403,1397,1386,1382,1378,1374,1371,1369,1364,1357,1353,1351,1349,1352,1360,1375,1394,1411,1419,1417,1413,1415,1420,1420,1417,1410,1407,1409,1413,1412,1409,1402,1394,1392,1393,1394,1391,1384,1377,1373,1368,1367,1368,1369,1369,1365,1361,1358,1356,1354,1356,1360,1366,1374,1378,1380,1384,1392,1402,1416,1428,1439,1454,1466,1476,1483,1487,1493,1503,1511,1518,1523,1522,1517,1515,1515,1516,1521,1527,1537,1551,1565,1573,1576,1574,1572,1567,1564,1566,1572,1578,1582,1594,1610,1624,1659,1686,1687,1685,1684,1683,1681,1680,1679,1676,1675,1679,1684,1690,1690,1692,1695,1698,1695,1687,1673,1651,1629,1613,1598,1581,1561,1541,1523,1512,1498,1476,1459,1447,1425,1404,1395,1389,1378,1353,1335,1326,1317,1311,1312,1317,1324,1330,1330,1329,1333,1348,1365,1378,1396,1417,1433,1444,1459,1475,1481,1482,1482,1478,1465,1446,1436,1429,1416,1405,1396,1390,1383,1374,1366,1353,1336,1312,1291,1272,1252,1217,1196,1165,1148,1141,1131,1120,1103,1079,1059,1036,1016,1002,994,983,974,963,943,923,904,886,859,839
1479,1487,1498,1510,1521,1526,1529,1536,1550,1564,1577,1587,1594,1602,1607,1612,1617,1628,1641,1652,1660,1666,1666,1662,1659,1651,1638,1628,1622,1616,1609,1602,1594,1583,1572,1567,1560,1550,1535,1526,1518,1505,1492,1481,1472,1460,1447,1439,1439,1439,1437,1434,1431,1426,1420,1413,1405,1400,1393,1386,1381,1378,1377,1375,1373,1368,1362,1355,1352,1351,1355,1363,1379,1397,1413,1424,1425,1423,1425,1430,1430,1426,1420,1418,1419,1421,1418,1413,1409,1402,1399,1399,1400,1394,1384,1380,1379,1378,1378,1380,1382,1381,1375,1368,1363,1360,1360,1362,1365,1372,1383,1391,1391,1391,1397,1406,1416,1425,1434,1447,1459,1470,1479,1487,1498,1511,1520,1528,1537,1538,1537,1536,1536,1536,1537,1538,1545,1555,1565,1574,1580,1580,1578,1574,1571,1575,1583,1589,1596,1612,1633,1652,1670,1679,1681,1679,1675,1670,1670,1669,1664,1654,1653,1659,1667,1674,1676,1679,1685,1692,1694,1689,1674,1654,1635,1616,1600,1587,1572,1552,1535,1526,1509,1482,1467,1456,1435,1417,1407,1397,1382,1359,1342,1332,1326,1324,1329,1335,1340,1346,1345,1347,1352,1367,1384,1398,1416,1432,1449,1459,1469,1482,1488,1488,1486,1482,1474,1462,1451,1442,1429,1419,1413,1409,1403,1393,1382,1365,1340,1315,1294,1275,1252,1224,1205,1180,1167,1158,1145,1128,1108,1086,1062,1040,1025,1017,1012,1000,987,969,946,922,904,880,857,846
1483,1484,1491,1501,1511,1518,1522,1528,1539,1554,1566,1575,1584,1595,1605,1611,1619,1634,1650,1661,1669,1676,1676,1670,1663,1651,1638,1630,1624,1618,1611,1604,1596,1585,1578,1574,1568,1557,1543,1534,1522,1507,1493,1482,1473,1462,1450,1443,1444,1442,1438,1434,1432,1427,1419,1411,1403,1397,1393,1389,1383,1379,1378,1377,1374,1369,1364,1358,1354,1354,1356,1364,1378,1394,1410,1425,1429,1432,1437,1441,1440,1434,1430,1430,1433,1432,1427,1421,1417,1413,1410,1407,1406,1399,1391,1388,1390,1391,1393,1396,1397,1394,1384,1376,1369,1367,1367,1368,1370,1375,1389,1401,1403,1403,1407,1415,1421,1425,1431,1442,1454,1468,1482,1494,1507,1520,1527,1535,1545,1550,1552,1554,1553,1553,1553,1551,1553,1559,1564,1572,1581,1583,1582,1580,1580,1586,1592,1599,1610,1621,1639,1654,1659,1663,1665,1661,1656,1653,1654,1654,1643,1631,1630,1638,1646,1654,1658,1664,1672,1682,1690,1689,1678,1662,1642,1624,1607,1599,1587,1570,1553,1538,1518,1494,1475,1459,1443,1431,1418,1400,1381,1362,1350,1342,1336,1338,1346,1353,1358,1363,1361,1362,1370,1388,1401,1415,1432,1446,1457,1461,1464,1471,1478,1479,1479,1479,1475,1470,1462,1452,1441,1435,1430,1426,1418,1404,1388,1369,1344,1320,1299,1277,1255,1231,1210,1191,1179,1168,1149,1133,1114,1089,1063,1048,1041,1038,1032,1018,998,979,951,925,903,881,864,863
1495,1494,1498,1502,1509,1518,1524,1530,1537,1547,1559,1570,1582,1596,1607,1614,1623,1638,1654,1664,1672,1680,1680,1673,1661,1648,1636,1629,1623,1615,1609,1603,1597,1589,1586,1583,1575,1564,1551,1541,1527,1511,1495,1482,1473,1462,1453,1449,1449,1444,1436,1432,1429,1424,1417,1410,1403,1399,1396,1392,1386,1382,1379,1377,1374,1370,1366,1360,1358,1357,1358,1362,1374,1390,1405,1419,1429,1437,1445,1449,1447,1443,1442,1443,1446,1445,1439,1432,1427,1424,1421,1417,1413,1408,1403,1401,1404,1406,1410,1413,1412,1406,1394,1384,1377,1373,1372,1374,1375,1380,1392,1405,1412,1416,1420,1427,1429,1429,1432,1444,1458,1475,1491,1506,1518,1527,1533,1540,1547,1552,1557,1560,1559,1560,1563,1560,1558,1559,1560,1564,1575,1580,1583,1582,1583,1587,1589,1593,1605,1618,1633,1644,1647,1651,1651,1644,1639,1636,1637,1634,1623,1614,1615,1622,1628,1634,1643,1650,1659,1672,1683,1685,1681,1669,1652,1637,1622,1617,1605,1587,1568,1548,1527,1505,1487,1470,1454,1436,1418,1397,1378,1362,1354,1347,1343,1351,1363,1371,1374,1378,1378,1379,1387,1403,1417,1428,1443,1452,1451,1449,1449,1453,1458,1461,1463,1469,1469,1468,1464,1458,1454,1450,1441,1431,1419,1403,1387,1367,1346,1325,1306,1282,1261,1236,1215,1199,1186,1171,1152,1137,1120,1093,1071,1063,1064,1059,1048,1028,1001,978,950,922,900,885,866,860
1505,1509,1512,1513,1516,1522,1531,1540,1546,1551,1560,1572,1586,1602,1615,1625,1633,1644,1656,1666,1674,1680,1677,1667,1657,1644,1632,1625,1619,1611,1606,1602,1597,1593,1592,1586,1577,1567,1554,1542,1527,1512,1496,1481,1471,1461,1453,1451,1451,1446,1440,1436,1430,1423,1417,1410,1405,1403,1399,1394,1388,1383,1380,1378,1376,1373,1367,1361,1360,1360,1359,1361,1371,1384,1398,1412,1425,1437,1448,1455,1456,1454,1452,1453,1456,1457,1453,1443,1437,1435,1431,1425,1420,1417,1415,1414,1418,1420,1424,1425,1422,1415,1403,1393,1386,1382,1380,1380,1382,1387,1395,1407,1416,1421,1428,1438,1440,1440,1443,1454,1466,1482,1499,1513,1524,1533,1541,1547,1550,1554,1557,1558,1557,1558,1562,1561,1558,1555,1552,1555,1565,1572,1576,1577,1577,1577,1578,1579,1589,1606,1623,1630,1632,1637,1638,1632,1622,1617,1615,1610,1604,1597,1598,1605,1611,1617,1627,1635,1643,1659,1674,1680,1677,1667,1654,1645,1638,1633,1623,1609,1592,1562,1533,1512,1497,1484,1467,1441,1415,1393,1380,1370,1363,1356,1354,1362,1374,1381,1385,1391,1393,1396,1402,1415,1427,1437,1443,1442,1433,1430,1431,1431,1434,1441,1448,1454,1457,1458,1455,1453,1456,1457,1444,1428,1413,1396,1379,1359,1344,1329,1309,1285,1266,1246,1228,1212,1196,1175,1157,1143,1126,1106,1091,1087,1087,1077,1055,1028,997,975,951,921,898,884,861,852
1516,1521,1527,1529,1528,1530,1538,1549,1557,1560,1566,1576,1591,1611,1628,1639,1645,1653,1662,1669,1675,1675,1669,1660,1649,1636,1627,1619,1612,1604,1600,1599,1596,1592,1590,1581,1572,1566,1551,1536,1521,1509,1496,1479,1470,1462,1457,1455,1454,1451,1448,1443,1434,1426,1421,1414,1409,1406,1402,1396,1390,1385,1383,1381,1379,1375,1368,1362,1360,1361,1362,1366,1373,1383,1394,1405,1419,1433,1447,1459,1464,1465,1463,1464,1467,1467,1463,1455,1450,1448,1443,1435,1430,1428,1426,1425,1429,1434,1437,1434,1430,1421,1408,1400,1395,1393,1390,1389,1391,1396,1403,1411,1417,1424,1436,1448,1453,1453,1454,1460,1468,1481,1498,1514,1524,1534,1544,1550,1554,1556,1556,1551,1549,1550,1552,1552,1551,1545,1541,1542,1550,1557,1563,1566,1563,1559,1561,1565,1574,1590,1608,1613,1611,1612,1614,1609,1601,1596,1591,1589,1585,1576,1577,1584,1593,1599,1607,1617,1629,1648,1668,1674,1670,1658,1647,1641,1637,1634,1635,1632,1621,1589,1551,1524,1506,1492,1477,1456,1431,1407,1391,1384,1378,1372,1370,1375,1382,1388,1396,1404,1410,1415,1417,1422,1431,1434,1430,1421,1412,1408,1407,1408,1412,1419,1427,1433,1440,1443,1440,1440,1448,1454,1443,1428,1411,1392,1374,1356,1344,1329,1308,1285,1271,1258,1245,1230,1210,1188,1168,1152,1137,1124,1112,1108,1102,1084,1055,1027,996,976,957,927,897,881,860,852
1529,1534,1540,1543,1542,1541,1546,1556,1565,1569,1574,1582,1597,1623,1639,1647,1651,1657,1664,1669,1672,1671,1666,1658,1647,1635,1624,1615,1605,1597,1593,1590,1586,1583,1580,1572,1562,1554,1539,1525,1514,1504,1489,1477,1472,1466,1462,1461,1461,1459,1455,1448,1439,1431,1426,1421,1413,1408,1404,1399,1394,1391,1389,1386,1382,1377,1370,1364,1363,1365,1366,1372,1380,1386,1393,1403,1416,1431,1445,1460,1471,1474,1476,1478,1478,1475,1470,1466,1464,1462,1456,1446,1442,1440,1436,1435,1438,1446,1446,1441,1434,1423,1411,1404,1403,1401,1397,1397,1399,1405,1412,1417,1421,1429,1443,1458,1467,1467,1465,1465,1469,1477,1492,1509,1521,1532,1541,1552,1557,1557,1552,1542,1536,1536,1536,1538,1537,1532,1528,1530,1534,1539,1544,1548,1542,1536,1536,1546,1561,1574,1586,1589,1588,1589,1591,1588,1583,1579,1572,1571,1569,1564,1559,1562,1574,1583,1591,1603,1621,1639,1661,1669,1661,1648,1634,1627,1624,1625,1634,1640,1631,1612,1582,1550,1527,1510,1491,1474,1459,1436,1411,1399,1394,1389,1388,1389,1393,1401,1412,1420,1426,1429,1427,1424,1424,1420,1410,1402,1393,1387,1386,1389,1392,1396,1401,1410,1420,1425,1425,1428,1436,1443,1441,1431,1415,1395,1378,1358,1344,1329,1308,1288,1276,1267,1254,1239,1220,1205,1185,1163,1152,1143,1133,1122,1108,1085,1055,1031,1003,985,968,938,906,887,866,855
1539,1542,1549,1554,1554,1552,1555,1566,1575,1578,1584,1593,1609,1630,1641,1645,1647,1654,1660,1666,1668,1669,1667,1663,1655,1643,1630,1618,1605,1594,1586,1578,1572,1569,1568,1560,1548,1536,1523,1514,1507,1498,1485,1478,1476,1472,1469,1469,1469,1466,1462,1452,1444,1435,1428,1422,1415,1410,1406,1404,1401,1398,1395,1389,1383,1377,1372,1367,1369,1372,1373,1379,1386,1390,1395,1403,1416,1431,1445,1460,1475,1480,1484,1486,1485,1482,1477,1477,1478,1476,1470,1461,1457,1453,1447,1443,1447,1453,1454,1448,1438,1425,1417,1413,1412,1407,1401,1402,1405,1411,1419,1426,1431,1439,1450,1466,1478,1481,1478,1478,1478,1481,1490,1506,1518,1528,1540,1553,1557,1556,1549,1536,1527,1522,1519,1521,1521,1517,1514,1516,1519,1521,1526,1526,1521,1515,1515,1525,1545,1559,1570,1573,1572,1575,1579,1578,1573,1565,1558,1555,1553,1552,1546,1545,1556,1570,1582,1596,1612,1630,1652,1662,1655,1637,1619,1612,1611,1615,1624,1632,1630,1621,1603,1577,1554,1534,1515,1496,1480,1462,1436,1417,1411,1409,1407,1407,1410,1420,1431,1435,1438,1437,1431,1420,1413,1404,1394,1386,1375,1370,1369,1370,1374,1377,1384,1396,1405,1405,1408,1411,1414,1420,1428,1429,1419,1402,1385,1364,1348,1333,1314,1298,1287,1275,1262,1245,1227,1217,1201,1178,1166,1159,1148,1130,1111,1088,1058,1042,1020,1002,983,955,924,899,873,857
1538,1542,1550,1556,1559,1559,1563,1573,1583,1588,1594,1605,1618,1633,1637,1637,1641,1649,1653,1658,1664,1667,1668,1667,1662,1651,1638,1624,1607,1592,1577,1567,1560,1558,1554,1545,1534,1524,1513,1508,1504,1499,1492,1487,1484,1482,1480,1480,1478,1474,1470,1459,1447,1436,1427,1423,1419,1416,1414,1412,1408,1403,1399,1392,1385,1378,1374,1371,1375,1378,1381,1385,1390,1393,1398,1404,1418,1434,1448,1461,1474,1481,1484,1488,1490,1489,1488,1490,1491,1488,1484,1478,1473,1465,1457,1452,1454,1458,1458,1453,1444,1434,1429,1425,1421,1414,1407,1407,1409,1414,1423,1432,1441,1449,1458,1470,1483,1490,1492,1493,1492,1493,1500,1512,1521,1530,1542,1553,1558,1557,1549,1537,1523,1513,1507,1504,1502,1499,1498,1499,1501,1505,1508,1507,1503,1500,1499,1505,1526,1544,1557,1562,1559,1561,1571,1572,1564,1554,1547,1542,1539,1538,1534,1532,1540,1554,1570,1587,1604,1621,1640,1648,1644,1627,1607,1597,1597,1602,1608,1617,1619,1615,1602,1583,1565,1548,1533,1520,1504,1483,1460,1442,1435,1431,1429,1428,1430,1437,1443,1447,1448,1446,1437,1419,1407,1394,1382,1370,1355,1347,1346,1351,1357,1360,1370,1385,1389,1388,1388,1388,1390,1398,1410,1418,1413,1399,1385,1370,1355,1340,1326,1317,1308,1293,1276,1257,1237,1222,1209,1192,1180,1169,1151,1133,1118,1097,1072,1058,1043,1020,995,970,941,909,881,861
1529,1533,1540,1547,1553,1557,1564,1573,1582,1590,1600,1611,1621,1631,1633,1633,1640,1648,1649,1654,1663,1668,1668,1667,1664,1655,1641,1625,1607,1591,1574,1563,1555,1550,1545,1537,1529,1525,1518,1512,1511,1513,1507,1499,1494,1493,1494,1493,1489,1483,1476,1463,1449,1437,1429,1427,1426,1425,1424,1422,1415,1406,1400,1394,1388,1381,1376,1375,1380,1384,1387,1390,1393,1398,1403,1406,1417,1433,1446,1456,1467,1475,1480,1487,1493,1496,1500,1504,1504,1499,1495,1492,1486,1477,1468,1464,1462,1464,1462,1455,1448,1443,1441,1436,1428,1419,1415,1415,1416,1420,1424,1434,1444,1456,1465,1475,1489,1499,1505,1506,1505,1506,1512,1521,1528,1536,1545,1555,1560,1559,1551,1538,1523,1509,1499,1492,1485,1483,1480,1480,1486,1490,1491,1490,1490,1489,1488,1492,1510,1528,1540,1544,1543,1545,1555,1560,1556,1544,1532,1524,1523,1524,1516,1516,1526,1540,1555,1575,1596,1611,1626,1634,1630,1615,1596,1585,1581,1583,1585,1589,1593,1592,1584,1575,1568,1560,1552,1540,1524,1504,1485,1470,1460,1454,1451,1447,1448,1450,1453,1458,1460,1457,1445,1424,1406,1391,1377,1362,1344,1328,1322,1329,1337,1342,1356,1369,1373,1369,1362,1363,1371,1379,1393,1401,1395,1384,1376,1369,1357,1346,1339,1336,1330,1310,1291,1271,1251,1231,1219,1207,1198,1178,1156,1142,1129,1108,1088,1078,1066,1036,1003,980,953,922,892,866
1517,1519,1527,1533,1540,1550,1561,1571,1578,1586,1597,1607,1616,1624,1629,1632,1639,1649,1654,1659,1664,1668,1667,1666,1663,1655,1640,1625,1611,1597,1581,1570,1561,1552,1542,1539,1537,1536,1531,1526,1527,1527,1521,1509,1505,1508,1509,1504,1498,1489,1478,1463,1450,1439,1433,1431,1433,1434,1433,1428,1418,1407,1399,1395,1392,1386,1379,1378,1384,1391,1395,1398,1401,1406,1410,1411,1417,1430,1440,1447,1455,1464,1473,1485,1495,1504,1510,1515,1515,1509,1506,1503,1498,1490,1484,1478,1472,1469,1467,1459,1453,1452,1453,1446,1434,1425,1423,1424,1427,1429,1430,1434,1443,1461,1474,1486,1498,1510,1519,1521,1519,1519,1523,1529,1536,1544,1551,1559,1563,1562,1554,1540,1524,1511,1501,1489,1477,1469,1465,1467,1475,1478,1475,1473,1475,1479,1486,1491,1503,1513,1521,1522,1522,1529,1538,1544,1542,1529,1515,1506,1507,1506,1501,1502,1513,1530,1548,1567,1586,1602,1614,1619,1616,1604,1589,1577,1569,1564,1561,1562,1565,1566,1562,1558,1559,1564,1564,1552,1536,1520,1504,1487,1476,1471,1469,1466,1466,1469,1471,1476,1473,1468,1451,1430,1410,1391,1379,1365,1343,1321,1308,1311,1320,1329,1342,1351,1353,1347,1341,1340,1349,1359,1371,1382,1377,1369,1363,1354,1345,1343,1342,1344,1342,1319,1295,1280,1265,1248,1232,1223,1213,1192,1169,1152,1138,1115,1100,1092,1073,1045,1011,986,962,937,910,880
1501,1505,1513,1518,1526,1538,1555,1566,1573,1580,1589,1597,1606,1615,1622,1629,1639,1650,1658,1662,1665,1666,1665,1665,1663,1655,1642,1629,1618,1606,1589,1575,1566,1559,1551,1554,1554,1550,1544,1541,1541,1538,1530,1520,1518,1523,1520,1510,1503,1491,1478,1463,1451,1443,1438,1437,1440,1443,1442,1432,1417,1406,1400,1398,1397,1390,1383,1382,1389,1397,1403,1410,1416,1417,1419,1419,1420,1426,1434,1441,1448,1457,1468,1482,1497,1511,1520,1525,1524,1519,1518,1516,1512,1503,1497,1490,1483,1479,1473,1465,1461,1464,1465,1456,1443,1434,1432,1434,1440,1443,1442,1440,1445,1462,1480,1492,1505,1519,1531,1537,1536,1536,1536,1539,1544,1551,1558,1564,1566,1563,1555,1541,1527,1517,1507,1494,1477,1464,1457,1458,1463,1466,1463,1462,1466,1475,1483,1488,1492,1496,1501,1505,1508,1514,1524,1530,1526,1513,1499,1492,1492,1490,1490,1492,1503,1523,1543,1561,1577,1591,1601,1605,1604,1597,1584,1572,1561,1550,1543,1543,1544,1543,1540,1540,1546,1554,1559,1556,1546,1532,1516,1504,1497,1493,1491,1486,1487,1492,1494,1493,1483,1474,1455,1432,1410,1393,1380,1365,1342,1319,1301,1295,1303,1313,1325,1331,1331,1329,1328,1326,1332,1343,1357,1368,1364,1354,1347,1337,1331,1333,1333,1336,1336,1317,1296,1287,1277,1260,1242,1229,1216,1198,1177,1156,1139,1124,1110,1097,1064,1041,1016,991,967,946,918,888
1484,1488,1496,1502,1509,1527,1545,1557,1565,1573,1580,1587,1594,1606,1618,1628,1637,1646,1654,1658,1661,1662,1663,1664,1663,1657,1646,1635,1624,1612,1594,1578,1568,1564,1564,1569,1569,1565,1559,1555,1554,1548,1539,1533,1533,1533,1524,1512,1505,1492,1477,1464,1453,1449,1448,1448,1449,1451,1449,1435,1417,1405,1403,1403,1400,1392,1388,1386,1392,1398,1406,1415,1423,1426,1431,1431,1429,1431,1437,1445,1453,1460,1469,1482,1498,1515,1525,1531,1532,1529,1528,1527,1523,1516,1510,1503,1496,1490,1480,1471,1470,1475,1475,1465,1452,1443,1441,1445,1454,1461,1460,1455,1454,1464,1479,1492,1506,1523,1538,1549,1551,1553,1552,1551,1554,1560,1566,1566,1563,1559,1551,1538,1527,1517,1508,1499,1483,1467,1456,1451,1451,1453,1453,1455,1462,1466,1471,1474,1476,1478,1485,1494,1499,1505,1515,1521,1513,1497,1485,1478,1475,1473,1481,1488,1496,1514,1536,1557,1570,1578,1587,1590,1591,1588,1580,1570,1557,1542,1533,1528,1525,1522,1521,1522,1528,1536,1544,1549,1547,1538,1527,1519,1516,1513,1506,1500,1500,1502,1501,1494,1484,1473,1454,1432,1411,1392,1375,1357,1338,1318,1297,1283,1284,1297,1312,1311,1304,1304,1309,1312,1322,1334,1348,1360,1357,1340,1334,1324,1317,1318,1319,1320,1320,1308,1295,1288,1279,1263,1243,1226,1209,1195,1175,1155,1138,1125,1117,1095,1054,1034,1019,997,969,943,913,887
1471,1468,1477,1485,1495,1514,1533,1545,1554,1563,1570,1576,1584,1599,1615,1625,1635,1643,1648,1653,1657,1660,1663,1663,1661,1656,1648,1637,1626,1614,1595,1581,1572,1572,1579,1584,1584,1581,1576,1571,1567,1558,1548,1546,1545,1541,1529,1515,1506,1490,1474,1463,1457,1455,1459,1459,1458,1457,1451,1437,1416,1406,1406,1405,1400,1394,1391,1389,1392,1397,1402,1410,1419,1429,1438,1441,1442,1444,1449,1454,1458,1464,1472,1485,1499,1516,1529,1537,1541,1539,1538,1539,1537,1531,1525,1518,1509,1501,1489,1478,1476,1481,1484,1476,1464,1453,1449,1456,1468,1478,1478,1472,1467,1469,1478,1491,1505,1522,1541,1555,1562,1567,1566,1564,1565,1568,1569,1564,1558,1554,1547,1536,1525,1514,1505,1498,1485,1470,1457,1446,1440,1441,1442,1447,1453,1453,1456,1460,1464,1469,1478,1487,1491,1499,1508,1512,1505,1491,1479,1468,1460,1458,1469,1479,1490,1516,1542,1558,1564,1566,1574,1574,1573,1577,1575,1566,1554,1541,1528,1518,1509,1504,1504,1504,1510,1518,1529,1539,1541,1535,1527,1521,1518,1516,1509,1504,1500,1497,1492,1485,1475,1463,1448,1432,1414,1395,1373,1356,1336,1319,1295,1276,1271,1284,1294,1290,1279,1278,1286,1293,1310,1327,1342,1359,1351,1332,1323,1311,1297,1296,1301,1304,1301,1294,1288,1282,1271,1258,1241,1222,1202,1188,1171,1152,1132,1118,1112,1093,1055,1033,1020,1000,969,937,906,883
1454,1452,1461,1471,1483,1499,1516,1532,1542,1548,1553,1563,1575,1593,1610,1622,1632,1640,1646,1652,1657,1661,1664,1664,1661,1655,1646,1635,1624,1613,1596,1584,1579,1582,1592,1598,1599,1597,1594,1587,1580,1568,1560,1559,1556,1548,1533,1518,1506,1486,1472,1465,1465,1466,1468,1467,1464,1460,1452,1438,1420,1412,1411,1407,1401,1396,1394,1392,1392,1393,1396,1403,1415,1428,1440,1449,1455,1459,1461,1462,1462,1467,1476,1488,1501,1518,1531,1542,1548,1549,1551,1553,1551,1545,1539,1529,1519,1508,1494,1482,1481,1487,1492,1486,1475,1462,1457,1464,1477,1489,1493,1489,1482,1476,1480,1492,1507,1523,1542,1558,1568,1575,1579,1577,1575,1572,1568,1562,1553,1549,1542,1533,1522,1510,1500,1493,1483,1469,1454,1442,1431,1427,1431,1439,1445,1444,1445,1449,1456,1465,1476,1484,1488,1496,1505,1508,1504,1494,1478,1462,1450,1446,1457,1468,1481,1510,1540,1554,1553,1550,1557,1560,1560,1561,1561,1558,1554,1546,1529,1515,1501,1490,1489,1489,1491,1500,1515,1524,1525,1521,1516,1511,1512,1511,1506,1500,1495,1485,1477,1469,1458,1450,1440,1428,1416,1402,1385,1366,1343,1322,1297,1273,1260,1265,1270,1270,1264,1263,1267,1277,1299,1320,1337,1349,1344,1327,1315,1297,1279,1272,1278,1283,1276,1275,1274,1264,1253,1242,1232,1213,1193,1178,1167,1148,1124,1110,1102,1083,1055,1035,1016,993,964,931,901,878
1446,1446,1452,1462,1474,1486,1501,1517,1528,1529,1536,1550,1567,1582,1597,1612,1625,1638,1645,1651,1656,1661,1664,1664,1661,1655,1644,1632,1622,1609,1594,1586,1587,1596,1607,1613,1614,1612,1608,1601,1591,1579,1573,1569,1563,1550,1534,1516,1502,1483,1474,1475,1478,1478,1475,1470,1466,1461,1452,1438,1426,1422,1419,1412,1405,1400,1398,1397,1394,1392,1394,1402,1415,1427,1440,1455,1468,1473,1473,1473,1472,1475,1482,1491,1502,1517,1531,1542,1551,1559,1562,1561,1556,1550,1543,1532,1522,1511,1497,1489,1491,1498,1501,1495,1483,1472,1467,1471,1483,1494,1503,1503,1495,1487,1487,1498,1512,1529,1545,1559,1570,1581,1589,1588,1584,1575,1566,1558,1550,1544,1534,1527,1518,1506,1494,1485,1477,1465,1452,1441,1429,1421,1422,1431,1438,1438,1439,1444,1454,1467,1477,1481,1484,1493,1501,1503,1502,1495,1479,1460,1442,1437,1447,1459,1470,1491,1521,1538,1539,1533,1534,1543,1543,1532,1534,1542,1549,1547,1531,1515,1499,1484,1475,1472,1473,1479,1493,1504,1506,1505,1502,1500,1501,1498,1493,1492,1484,1470,1459,1449,1440,1434,1427,1419,1412,1405,1393,1376,1350,1327,1305,1278,1254,1251,1248,1249,1246,1244,1252,1259,1285,1310,1322,1329,1329,1319,1307,1290,1272,1257,1254,1256,1254,1252,1252,1241,1233,1223,1215,1199,1180,1164,1158,1138,1116,1103,1088,1069,1050,1033,1009,988,961,929,901,879
1451,1454,1457,1463,1469,1477,1489,1503,1514,1516,1523,1539,1558,1572,1581,1596,1615,1633,1642,1648,1654,1660,1664,1665,1663,1657,1645,1632,1622,1607,1593,1588,1594,1603,1614,1622,1628,1625,1619,1612,1602,1591,1581,1573,1563,1545,1528,1509,1496,1485,1483,1488,1490,1488,1482,1471,1466,1459,1449,1438,1432,1429,1424,1415,1409,1404,1401,1400,1398,1395,1399,1410,1422,1431,1444,1461,1477,1482,1483,1485,1485,1486,1489,1496,1505,1518,1532,1544,1554,1563,1567,1564,1556,1548,1538,1528,1521,1510,1501,1500,1504,1511,1512,1504,1492,1483,1480,1480,1486,1496,1506,1509,1504,1497,1497,1506,1517,1534,1549,1562,1573,1586,1593,1592,1587,1576,1563,1552,1545,1537,1527,1519,1512,1503,1489,1480,1472,1464,1454,1444,1432,1421,1417,1421,1428,1433,1438,1444,1456,1469,1476,1478,1480,1487,1492,1494,1494,1488,1476,1457,1440,1433,1438,1448,1462,1482,1504,1522,1525,1513,1508,1510,1512,1510,1513,1526,1535,1538,1527,1513,1500,1483,1466,1458,1456,1458,1468,1481,1487,1489,1488,1486,1483,1479,1479,1478,1471,1456,1442,1428,1420,1415,1408,1405,1403,1398,1386,1372,1351,1332,1313,1285,1257,1248,1238,1235,1227,1229,1240,1251,1274,1294,1307,1314,1314,1309,1300,1283,1265,1244,1237,1234,1229,1225,1226,1220,1211,1195,1195,1187,1169,1148,1144,1125,1105,1090,1073,1056,1042,1026,1005,984,955,925,898,878
1458,1466,1471,1473,1474,1473,1483,1494,1502,1508,1516,1532,1551,1564,1571,1584,1603,1623,1637,1647,1653,1658,1663,1666,1664,1658,1647,1636,1627,1614,1600,1593,1594,1601,1614,1625,1634,1634,1626,1618,1610,1600,1587,1572,1557,1539,1522,1507,1497,1492,1497,1502,1500,1497,1487,1470,1465,1458,1449,1442,1437,1432,1424,1413,1410,1407,1404,1404,1402,1402,1410,1422,1434,1441,1453,1470,1483,1489,1493,1497,1499,1499,1500,1504,1513,1525,1538,1549,1557,1565,1569,1566,1557,1546,1534,1524,1516,1508,1505,1510,1517,1523,1522,1514,1504,1496,1493,1490,1489,1494,1502,1508,1507,1505,1505,1512,1526,1543,1555,1568,1581,1593,1596,1591,1583,1571,1558,1546,1540,1532,1521,1513,1508,1500,1490,1480,1472,1467,1459,1452,1438,1424,1415,1412,1418,1428,1435,1442,1453,1464,1470,1470,1471,1475,1480,1485,1485,1478,1467,1454,1439,1428,1429,1438,1456,1476,1491,1506,1506,1496,1489,1490,1499,1499,1501,1513,1524,1529,1521,1505,1495,1478,1456,1442,1438,1440,1448,1460,1466,1469,1470,1465,1461,1460,1462,1461,1456,1444,1428,1409,1400,1397,1391,1389,1391,1386,1371,1358,1344,1327,1309,1285,1267,1252,1236,1226,1214,1218,1233,1250,1268,1283,1295,1299,1296,1295,1286,1270,1252,1237,1227,1217,1206,1204,1205,1198,1183,1172,1173,1171,1157,1131,1126,1113,1091,1074,1064,1048,1028,1009,992,969,937,908,889,875
1459,1473,1481,1486,1488,1490,1495,1502,1506,1511,1519,1530,1544,1559,1567,1579,1595,1612,1631,1645,1653,1657,1663,1666,1665,1659,1650,1642,1636,1626,1613,1601,1596,1601,1615,1626,1634,1636,1629,1622,1615,1606,1589,1568,1552,1537,1524,1512,1506,1507,1511,1510,1507,1504,1492,1474,1467,1463,1456,1447,1440,1432,1422,1412,1410,1411,1411,1409,1404,1407,1418,1433,1445,1453,1464,1476,1487,1497,1504,1510,1513,1513,1513,1514,1520,1532,1544,1554,1562,1568,1570,1567,1559,1547,1534,1523,1515,1507,1509,1518,1526,1531,1530,1526,1517,1510,1505,1498,1492,1491,1498,1505,1509,1513,1514,1522,1537,1553,1566,1579,1593,1602,1600,1590,1579,1566,1554,1541,1535,1530,1520,1511,1507,1502,1495,1486,1480,1475,1468,1461,1446,1429,1417,1405,1410,1420,1426,1433,1442,1453,1457,1456,1456,1460,1468,1474,1473,1465,1458,1448,1435,1422,1421,1432,1450,1469,1484,1492,1490,1482,1474,1472,1480,1483,1487,1499,1513,1520,1508,1494,1487,1473,1449,1432,1425,1425,1429,1436,1443,1445,1445,1441,1440,1444,1448,1448,1445,1437,1422,1400,1391,1384,1376,1376,1376,1368,1350,1337,1330,1315,1299,1283,1269,1252,1229,1215,1197,1201,1222,1241,1257,1274,1281,1279,1274,1273,1266,1253,1242,1232,1218,1202,1192,1190,1188,1177,1161,1156,1153,1149,1138,1114,1101,1097,1078,1063,1057,1041,1014,991,970,945,915,891,882,875
1453,1471,1483,1491,1497,1504,1510,1516,1521,1526,1532,1538,1545,1558,1570,1583,1596,1612,1626,1642,1654,1662,1667,1670,1669,1664,1657,1651,1646,1638,1621,1607,1601,1607,1620,1627,1633,1634,1629,1621,1613,1604,1588,1565,1550,1541,1532,1526,1522,1522,1523,1518,1514,1509,1500,1484,1475,1472,1462,1448,1439,1431,1421,1414,1415,1418,1418,1414,1409,1414,1426,1439,1453,1464,1475,1483,1491,1503,1516,1523,1525,1525,1524,1525,1529,1538,1548,1560,1569,1573,1573,1568,1560,1547,1534,1525,1518,1512,1513,1523,1532,1539,1540,1537,1532,1523,1514,1506,1498,1495,1499,1507,1514,1519,1523,1532,1545,1560,1574,1588,1599,1605,1602,1591,1579,1566,1553,1538,1535,1532,1525,1517,1513,1509,1504,1497,1490,1484,1476,1467,1450,1434,1419,1403,1398,1403,1412,1421,1430,1438,1440,1439,1439,1448,1459,1464,1460,1450,1444,1439,1429,1419,1419,1429,1439,1452,1470,1481,1478,1465,1456,1449,1450,1457,1471,1490,1502,1505,1497,1488,1481,1468,1447,1430,1420,1414,1410,1414,1420,1425,1424,1420,1423,1425,1431,1439,1443,1436,1421,1401,1386,1371,1361,1360,1357,1343,1323,1313,1310,1301,1288,1274,1257,1238,1220,1204,1184,1183,1200,1223,1243,1256,1258,1253,1249,1248,1243,1235,1229,1221,1208,1195,1185,1175,1170,1154,1143,1139,1130,1120,1109,1090,1080,1080,1071,1053,1041,1023,999,980,949,920,896,885,881,881
1447,1464,1476,1486,1496,1506,1516,1524,1532,1541,1547,1553,1559,1569,1582,1594,1606,1620,1633,1646,1656,1665,1669,1672,1672,1668,1662,1657,1651,1642,1624,1612,1610,1616,1623,1627,1631,1632,1628,1618,1607,1596,1583,1564,1552,1546,1542,1540,1539,1536,1532,1526,1520,1513,1505,1491,1483,1478,1463,1445,1435,1430,1423,1420,1421,1423,1422,1417,1417,1423,1433,1444,1458,1470,1480,1488,1494,1505,1519,1528,1533,1536,1538,1539,1543,1550,1558,1567,1573,1576,1575,1570,1561,1549,1536,1527,1521,1515,1517,1528,1540,1550,1553,1553,1549,1538,1526,1516,1507,1504,1505,1512,1521,1527,1535,1542,1551,1564,1577,1589,1596,1601,1598,1590,1580,1570,1560,1548,1543,1538,1533,1531,1526,1523,1515,1507,1496,1491,1484,1470,1453,1438,1423,1404,1390,1390,1397,1407,1414,1421,1421,1419,1424,1442,1455,1458,1450,1439,1435,1430,1422,1411,1413,1421,1429,1440,1460,1468,1462,1451,1442,1436,1434,1437,1452,1470,1483,1487,1485,1481,1478,1469,1449,1433,1418,1405,1396,1397,1400,1403,1404,1402,1401,1400,1409,1428,1435,1429,1417,1398,1376,1358,1348,1340,1333,1318,1298,1289,1286,1280,1275,1262,1242,1226,1214,1196,1172,1166,1180,1200,1219,1237,1235,1222,1226,1226,1222,1213,1207,1202,1195,1188,1179,1168,1155,1136,1128,1123,1112,1096,1082,1070,1069,1071,1063,1041,1018,1000,982,969,934,902,891,895,894,896
1443,1457,1469,1481,1496,1509,1519,1527,1540,1553,1563,1571,1579,1585,1595,1606,1616,1628,1639,1649,1657,1665,1669,1670,1670,1669,1664,1658,1651,1643,1632,1621,1617,1618,1622,1628,1633,1633,1628,1617,1605,1593,1582,1568,1558,1552,1550,1551,1551,1544,1536,1527,1520,1513,1504,1492,1482,1473,1457,1439,1433,1431,1430,1428,1428,1426,1423,1420,1421,1428,1437,1448,1460,1471,1480,1487,1493,1504,1516,1525,1535,1546,1552,1555,1559,1564,1569,1574,1576,1579,1578,1572,1563,1552,1540,1530,1524,1517,1521,1533,1546,1558,1565,1566,1562,1552,1541,1530,1521,1516,1514,1518,1527,1537,1547,1554,1560,1570,1581,1587,1592,1595,1592,1585,1579,1574,1566,1557,1550,1545,1542,1538,1534,1533,1527,1514,1501,1496,1490,1475,1461,1447,1429,1409,1391,1382,1384,1390,1400,1407,1407,1409,1420,1434,1444,1448,1443,1436,1430,1422,1408,1397,1399,1409,1423,1438,1451,1456,1452,1441,1429,1425,1419,1417,1426,1442,1458,1460,1462,1468,1472,1467,1452,1435,1417,1401,1389,1383,1383,1382,1381,1380,1379,1379,1388,1405,1413,1413,1406,1389,1365,1350,1340,1324,1310,1296,1280,1270,1257,1253,1256,1245,1226,1216,1207,1188,1161,1147,1157,1177,1195,1213,1207,1195,1195,1201,1197,1188,1183,1178,1178,1176,1172,1161,1141,1125,1119,1110,1097,1083,1068,1061,1062,1061,1049,1025,1000,979,965,947,919,898,905,921,917,919
1441,1452,1464,1480,1498,1514,1522,1531,1547,1564,1577,1585,1591,1598,1606,1615,1622,1631,1640,1649,1657,1662,1665,1666,1666,1669,1666,1660,1655,1648,1641,1632,1623,1620,1624,1633,1638,1636,1629,1620,1610,1600,1589,1578,1569,1568,1566,1565,1558,1548,1536,1523,1517,1510,1500,1489,1476,1465,1451,1441,1437,1439,1441,1440,1435,1430,1425,1422,1423,1428,1437,1448,1460,1469,1476,1483,1489,1499,1512,1522,1536,1553,1562,1567,1572,1577,1579,1580,1581,1583,1582,1576,1567,1557,1546,1536,1529,1522,1524,1535,1548,1562,1573,1576,1573,1566,1556,1546,1537,1531,1525,1525,1532,1542,1554,1563,1570,1579,1583,1585,1589,1591,1587,1578,1573,1569,1562,1553,1549,1547,1546,1543,1539,1537,1532,1519,1506,1500,1495,1482,1468,1453,1436,1416,1394,1382,1376,1379,1389,1395,1396,1401,1413,1423,1428,1432,1433,1432,1425,1412,1395,1382,1383,1396,1413,1431,1442,1446,1442,1424,1409,1401,1397,1398,1409,1425,1436,1434,1439,1454,1460,1458,1450,1436,1419,1402,1387,1374,1367,1361,1357,1357,1359,1360,1367,1378,1390,1394,1395,1383,1363,1346,1332,1312,1295,1283,1269,1253,1237,1230,1230,1222,1210,1200,1189,1171,1144,1127,1136,1158,1177,1191,1185,1175,1173,1183,1174,1167,1163,1156,1157,1157,1155,1144,1131,1117,1112,1101,1089,1079,1066,1058,1053,1044,1030,1005,985,962,943,925,910,916,940,952,945,946
1439,1450,1461,1476,1497,1515,1523,1534,1551,1568,1581,1589,1597,1603,1610,1616,1622,1630,1638,1647,1653,1654,1656,1659,1662,1668,1670,1667,1662,1657,1649,1640,1630,1626,1632,1640,1643,1639,1631,1625,1619,1610,1601,1590,1583,1583,1580,1574,1564,1550,1535,1520,1515,1506,1494,1483,1472,1462,1454,1451,1449,1450,1452,1449,1439,1432,1427,1426,1426,1429,1437,1448,1457,1466,1473,1479,1485,1495,1508,1520,1535,1554,1566,1573,1580,1585,1587,1588,1588,1589,1587,1582,1574,1564,1553,1542,1533,1529,1531,1540,1552,1565,1579,1585,1585,1578,1568,1561,1554,1546,1534,1528,1533,1543,1555,1565,1575,1583,1583,1585,1588,1586,1579,1569,1561,1555,1549,1545,1544,1546,1550,1549,1542,1535,1529,1519,1509,1502,1497,1485,1472,1457,1440,1423,1400,1384,1374,1372,1379,1380,1382,1390,1402,1413,1417,1418,1422,1423,1418,1405,1391,1374,1372,1385,1405,1421,1431,1433,1423,1405,1390,1377,1373,1378,1394,1411,1420,1417,1420,1431,1436,1437,1437,1430,1419,1404,1385,1368,1356,1344,1338,1336,1337,1338,1345,1358,1368,1373,1377,1373,1360,1343,1326,1309,1293,1279,1262,1244,1226,1217,1212,1203,1190,1177,1163,1148,1120,1111,1119,1137,1155,1165,1162,1156,1155,1163,1152,1145,1141,1136,1134,1135,1133,1126,1118,1108,1101,1091,1084,1076,1064,1052,1036,1024,1016,995,969,948,932,921,919,937,966,978,977,979
1437,1449,1458,1471,1494,1512,1522,1533,1549,1564,1576,1585,1594,1601,1607,1613,1619,1626,1635,1641,1645,1644,1645,1650,1657,1667,1672,1673,1670,1666,1658,1645,1635,1634,1640,1647,1649,1645,1636,1631,1627,1620,1613,1605,1599,1595,1588,1579,1569,1554,1537,1520,1513,1501,1488,1478,1469,1461,1458,1460,1459,1457,1455,1450,1440,1433,1428,1428,1429,1432,1438,1446,1456,1465,1474,1481,1488,1496,1506,1519,1533,1551,1565,1575,1583,1590,1592,1594,1594,1595,1593,1586,1578,1569,1557,1546,1539,1537,1540,1546,1555,1569,1583,1592,1594,1587,1580,1572,1563,1552,1537,1529,1532,1540,1551,1562,1572,1581,1584,1586,1585,1578,1570,1560,1549,1540,1536,1534,1535,1542,1549,1548,1539,1528,1519,1510,1501,1496,1491,1483,1472,1457,1439,1424,1405,1391,1379,1372,1371,1367,1367,1374,1386,1396,1401,1404,1410,1414,1412,1404,1387,1365,1359,1375,1397,1411,1420,1417,1405,1391,1370,1357,1355,1360,1376,1394,1405,1399,1394,1399,1404,1411,1419,1420,1413,1398,1378,1361,1347,1332,1324,1319,1312,1313,1324,1337,1343,1350,1357,1358,1352,1342,1327,1312,1293,1278,1258,1238,1217,1206,1197,1185,1170,1156,1143,1127,1108,1099,1106,1120,1128,1135,1132,1128,1130,1132,1127,1120,1117,1115,1111,1109,1108,1108,1101,1094,1085,1076,1071,1065,1054,1040,1020,1008,1008,990,954,929,923,925,934,952,983,1002,1008,1010
1437,1449,1460,1473,1491,1506,1517,1530,1543,1556,1567,1577,1588,1597,1602,1606,1610,1618,1626,1632,1634,1631,1629,1637,1649,1661,1671,1675,1675,1669,1661,1649,1639,1640,1648,1652,1656,1654,1647,1642,1638,1631,1625,1619,1613,1604,1593,1582,1573,1558,1541,1522,1509,1495,1484,1475,1469,1466,1466,1468,1467,1462,1455,1448,1440,1433,1429,1430,1436,1438,1440,1443,1453,1465,1476,1487,1496,1501,1507,1519,1532,1547,1561,1572,1581,1588,1593,1595,1598,1600,1599,1591,1582,1575,1563,1553,1548,1547,1548,1551,1558,1571,1586,1596,1600,1595,1589,1580,1568,1554,1540,1533,1533,1538,1548,1560,1570,1580,1585,1584,1578,1567,1560,1551,1538,1527,1522,1523,1528,1536,1541,1538,1529,1518,1508,1497,1489,1483,1478,1473,1463,1449,1433,1418,1406,1396,1384,1373,1364,1355,1351,1359,1369,1375,1378,1384,1395,1405,1406,1398,1380,1357,1352,1368,1386,1401,1409,1401,1391,1378,1356,1341,1339,1349,1363,1377,1384,1375,1365,1369,1376,1384,1395,1402,1401,1391,1373,1353,1336,1321,1310,1289,1286,1292,1300,1316,1320,1330,1341,1345,1342,1337,1330,1310,1288,1274,1253,1233,1212,1197,1186,1171,1155,1142,1129,1113,1098,1090,1096,1103,1101,1103,1103,1102,1103,1105,1097,1092,1091,1087,1086,1084,1087,1090,1082,1074,1066,1060,1056,1049,1040,1026,1006,991,988,973,933,916,922,935,953,976,1003,1026,1035,1037
1437,1450,1463,1476,1489,1499,1511,1523,1534,1545,1557,1569,1581,1590,1596,1597,1600,1608,1616,1623,1623,1618,1616,1624,1638,1651,1664,1673,1675,1669,1662,1653,1645,1646,1653,1657,1662,1663,1657,1652,1644,1636,1629,1624,1614,1605,1593,1580,1571,1558,1543,1521,1506,1494,1486,1477,1476,1477,1476,1475,1474,1466,1456,1449,1442,1436,1433,1436,1444,1446,1444,1444,1451,1463,1475,1487,1498,1503,1510,1520,1530,1541,1553,1565,1575,1585,1593,1598,1602,1605,1604,1598,1591,1585,1576,1567,1561,1557,1555,1555,1562,1575,1588,1598,1606,1606,1596,1585,1568,1553,1542,1538,1537,1542,1551,1562,1572,1580,1581,1575,1565,1554,1547,1540,1527,1516,1512,1513,1518,1526,1529,1525,1516,1506,1496,1485,1477,1470,1463,1456,1444,1434,1422,1412,1402,1393,1384,1372,1358,1346,1341,1345,1352,1353,1355,1365,1376,1387,1392,1386,1372,1356,1351,1358,1368,1385,1390,1387,1381,1368,1347,1329,1325,1336,1351,1364,1366,1353,1346,1352,1358,1363,1373,1381,1385,1380,1366,1347,1327,1312,1284,1256,1259,1269,1280,1289,1297,1312,1325,1329,1329,1329,1324,1303,1283,1268,1244,1228,1209,1189,1176,1161,1144,1131,1115,1102,1090,1081,1081,1084,1086,1086,1083,1083,1081,1074,1068,1065,1060,1057,1057,1057,1059,1064,1056,1048,1049,1050,1044,1031,1018,1009,991,973,959,944,918,912,926,948,972,995,1020,1045,1058,1062
1434,1447,1461,1472,1485,1497,1509,1519,1527,1536,1547,1560,1572,1581,1585,1586,1589,1598,1603,1608,1610,1608,1607,1614,1629,1643,1657,1668,1673,1669,1664,1659,1655,1656,1661,1662,1665,1666,1659,1652,1643,1633,1626,1618,1607,1596,1586,1574,1566,1554,1537,1519,1509,1501,1493,1485,1487,1490,1487,1483,1479,1470,1459,1453,1447,1442,1439,1443,1453,1458,1454,1450,1451,1460,1468,1478,1490,1499,1507,1518,1527,1535,1546,1557,1572,1585,1595,1603,1607,1609,1609,1606,1601,1597,1590,1582,1574,1565,1560,1559,1567,1580,1594,1603,1611,1612,1600,1585,1567,1553,1547,1546,1546,1550,1556,1564,1571,1576,1575,1565,1554,1542,1535,1528,1519,1509,1505,1503,1505,1512,1515,1512,1504,1495,1484,1474,1466,1458,1452,1440,1428,1421,1413,1404,1394,1385,1379,1368,1355,1343,1334,1331,1333,1334,1337,1346,1357,1366,1372,1370,1364,1355,1349,1347,1350,1368,1379,1377,1371,1357,1337,1318,1313,1324,1341,1354,1356,1346,1340,1340,1342,1347,1357,1364,1364,1364,1356,1341,1323,1300,1268,1246,1242,1248,1257,1268,1278,1292,1302,1309,1314,1318,1310,1292,1275,1255,1232,1214,1196,1178,1165,1153,1139,1122,1104,1092,1079,1066,1063,1070,1080,1076,1070,1066,1058,1046,1047,1037,1028,1029,1029,1030,1031,1030,1026,1024,1032,1039,1023,1006,998,993,978,958,938,924,912,915,936,961,986,1007,1035,1061,1078,1085
1431,1445,1457,1470,1484,1495,1504,1511,1517,1525,1535,1547,1559,1568,1573,1573,1576,1584,1589,1594,1599,1599,1598,1605,1619,1635,1653,1665,1671,1673,1671,1669,1664,1663,1664,1663,1662,1659,1653,1645,1637,1629,1621,1610,1598,1587,1578,1568,1560,1549,1533,1521,1517,1510,1501,1495,1499,1502,1500,1493,1484,1475,1466,1459,1452,1446,1443,1447,1460,1469,1466,1460,1458,1460,1466,1473,1482,1493,1501,1512,1521,1529,1539,1553,1571,1586,1595,1601,1605,1610,1612,1612,1611,1608,1602,1592,1584,1575,1568,1567,1574,1586,1601,1609,1615,1613,1600,1585,1570,1557,1553,1557,1560,1561,1563,1569,1574,1574,1567,1558,1547,1536,1528,1520,1512,1502,1496,1492,1493,1498,1502,1502,1495,1487,1478,1467,1457,1448,1442,1430,1420,1413,1405,1397,1386,1380,1377,1369,1360,1348,1336,1325,1320,1320,1324,1332,1340,1348,1351,1353,1354,1350,1339,1334,1339,1358,1370,1366,1358,1344,1325,1309,1301,1309,1325,1337,1341,1335,1328,1320,1320,1327,1337,1344,1345,1347,1344,1336,1321,1298,1271,1248,1235,1231,1235,1247,1259,1269,1278,1290,1296,1297,1291,1278,1259,1240,1217,1200,1180,1166,1155,1143,1127,1108,1092,1083,1069,1055,1050,1057,1062,1059,1053,1044,1035,1025,1021,1011,1003,1006,1007,1009,1010,1005,999,995,1002,1002,989,987,984,975,963,945,927,916,917,928,948,972,994,1021,1053,1079,1094,1097
1425,1442,1455,1468,1482,1490,1494,1499,1504,1512,1522,1533,1545,1554,1558,1560,1564,1572,1576,1581,1586,1588,1587,1595,1610,1627,1646,1662,1672,1678,1680,1676,1669,1663,1659,1657,1653,1649,1644,1637,1630,1622,1613,1602,1591,1583,1572,1562,1555,1546,1535,1528,1526,1520,1511,1506,1508,1509,1508,1501,1491,1482,1473,1465,1457,1450,1447,1449,1464,1474,1475,1470,1465,1464,1467,1472,1479,1490,1499,1509,1519,1528,1540,1555,1571,1583,1591,1597,1601,1608,1612,1614,1614,1613,1609,1600,1591,1584,1578,1578,1584,1592,1605,1614,1619,1614,1600,1588,1575,1565,1560,1566,1573,1575,1575,1578,1581,1580,1570,1559,1548,1536,1525,1516,1502,1492,1486,1482,1481,1487,1491,1493,1492,1486,1476,1462,1451,1444,1437,1428,1419,1411,1404,1397,1391,1387,1385,1383,1372,1358,1345,1334,1322,1317,1317,1320,1324,1330,1332,1338,1344,1340,1326,1324,1337,1351,1355,1350,1341,1329,1314,1299,1290,1293,1306,1322,1326,1320,1309,1300,1299,1307,1314,1323,1327,1328,1328,1325,1316,1300,1280,1252,1233,1222,1216,1223,1236,1246,1259,1272,1275,1274,1270,1262,1244,1227,1205,1187,1166,1155,1142,1126,1108,1091,1080,1072,1059,1048,1042,1044,1045,1043,1036,1029,1019,1006,998,991,985,987,989,991,991,983,976,968,965,965,965,970,970,958,942,929,920,919,934,949,965,983,1007,1034,1065,1088,1105,1107
1417,1434,1451,1467,1479,1482,1485,1488,1491,1499,1509,1520,1533,1541,1542,1545,1551,1557,1562,1567,1574,1577,1578,1588,1604,1623,1642,1660,1675,1683,1684,1679,1670,1661,1652,1648,1642,1640,1636,1629,1623,1615,1604,1595,1586,1579,1569,1560,1553,1545,1539,1536,1535,1530,1522,1517,1514,1511,1509,1505,1498,1487,1476,1468,1459,1454,1451,1455,1468,1479,1482,1479,1472,1469,1468,1471,1479,1489,1498,1507,1521,1533,1544,1557,1568,1577,1585,1593,1597,1604,1609,1612,1614,1616,1614,1608,1599,1593,1590,1590,1593,1598,1610,1620,1625,1622,1609,1595,1584,1578,1574,1581,1587,1589,1593,1595,1592,1587,1578,1569,1555,1540,1529,1515,1499,1486,1478,1471,1469,1474,1479,1483,1488,1486,1477,1465,1457,1449,1443,1435,1426,1420,1414,1410,1406,1403,1401,1399,1386,1367,1354,1343,1333,1323,1318,1313,1311,1312,1315,1323,1330,1324,1314,1318,1334,1343,1342,1335,1325,1314,1300,1287,1279,1280,1292,1304,1310,1304,1293,1284,1283,1288,1294,1300,1306,1305,1305,1309,1308,1297,1281,1253,1232,1214,1203,1204,1212,1223,1239,1254,1256,1257,1254,1248,1233,1215,1191,1172,1151,1139,1122,1105,1091,1078,1067,1057,1049,1043,1035,1033,1033,1028,1024,1018,1006,993,985,977,971,973,973,973,970,965,960,951,948,948,949,954,955,945,928,921,923,930,951,964,980,999,1020,1045,1071,1091,1110,1116
1408,1430,1449,1463,1470,1472,1475,1480,1485,1493,1505,1517,1526,1529,1527,1528,1534,1543,1547,1554,1564,1568,1573,1587,1605,1625,1647,1666,1680,1687,1686,1681,1672,1661,1651,1644,1639,1635,1627,1620,1614,1606,1597,1589,1583,1576,1566,1560,1556,1554,1551,1549,1546,1540,1531,1524,1519,1512,1507,1503,1496,1488,1478,1469,1460,1456,1456,1463,1477,1486,1490,1488,1481,1475,1472,1473,1481,1488,1495,1505,1520,1535,1545,1555,1564,1572,1581,1589,1593,1598,1604,1609,1612,1617,1620,1616,1607,1602,1600,1599,1602,1610,1621,1629,1632,1631,1622,1610,1598,1593,1590,1590,1596,1601,1606,1607,1598,1591,1583,1572,1559,1543,1531,1517,1504,1487,1472,1463,1460,1462,1464,1470,1479,1483,1481,1475,1470,1464,1455,1446,1439,1434,1428,1425,1423,1419,1413,1407,1396,1381,1369,1358,1346,1334,1327,1319,1312,1304,1303,1308,1313,1310,1306,1311,1324,1332,1329,1321,1310,1297,1284,1272,1266,1266,1278,1288,1293,1290,1277,1267,1265,1272,1276,1277,1284,1287,1290,1294,1294,1289,1275,1248,1229,1210,1195,1190,1191,1199,1214,1227,1231,1235,1237,1230,1215,1197,1176,1157,1136,1120,1102,1089,1076,1063,1049,1041,1037,1035,1028,1026,1023,1017,1012,1006,994,985,979,973,969,968,965,961,956,954,951,947,946,947,947,947,946,937,927,932,941,951,965,979,998,1015,1035,1055,1078,1098,1118,1127
1411,1430,1446,1456,1461,1464,1470,1479,1489,1497,1504,1512,1516,1516,1515,1516,1523,1533,1538,1546,1555,1561,1571,1587,1606,1626,1647,1668,1684,1688,1686,1681,1674,1666,1656,1650,1644,1635,1624,1615,1605,1599,1592,1586,1582,1578,1571,1563,1563,1564,1565,1562,1557,1546,1536,1527,1519,1510,1502,1496,1490,1484,1476,1467,1460,1458,1462,1470,1481,1491,1497,1497,1491,1484,1480,1478,1481,1488,1495,1504,1516,1529,1539,1548,1558,1569,1578,1586,1590,1596,1601,1606,1610,1619,1625,1624,1617,1610,1608,1609,1615,1624,1632,1637,1638,1638,1633,1623,1611,1605,1598,1595,1600,1607,1610,1604,1595,1588,1579,1566,1556,1546,1534,1518,1504,1489,1473,1462,1455,1453,1452,1457,1468,1475,1478,1478,1479,1475,1466,1454,1448,1446,1444,1444,1441,1434,1425,1416,1405,1395,1380,1367,1354,1344,1340,1333,1321,1305,1297,1297,1298,1300,1301,1305,1313,1319,1315,1307,1297,1284,1274,1264,1255,1251,1261,1272,1278,1273,1261,1250,1247,1253,1259,1261,1266,1272,1277,1277,1277,1276,1268,1248,1230,1209,1192,1178,1173,1178,1187,1196,1203,1208,1213,1209,1194,1178,1158,1141,1125,1109,1089,1074,1058,1041,1031,1026,1023,1021,1018,1016,1012,1007,1005,1003,993,991,991,984,983,981,972,964,963,961,960,957,956,956,958,957,950,944,942,950,962,974,984,998,1015,1032,1048,1066,1088,1111,1130,1139
1406,1423,1437,1446,1451,1458,1470,1484,1497,1504,1506,1505,1504,1504,1506,1514,1527,1537,1541,1548,1554,1561,1574,1588,1607,1625,1642,1663,1680,1684,1681,1678,1674,1668,1662,1657,1650,1638,1624,1615,1605,1599,1594,1591,1589,1588,1583,1575,1571,1570,1570,1565,1558,1548,1538,1527,1517,1507,1497,1490,1485,1481,1475,1467,1460,1460,1467,1475,1484,1493,1501,1505,1503,1496,1489,1485,1484,1490,1498,1504,1513,1523,1533,1544,1555,1568,1578,1585,1591,1596,1600,1605,1611,1621,1629,1631,1627,1621,1619,1620,1626,1633,1640,1643,1645,1643,1638,1630,1618,1610,1602,1603,1607,1610,1607,1596,1587,1579,1568,1558,1551,1543,1533,1514,1499,1488,1476,1462,1450,1445,1444,1448,1458,1465,1470,1473,1476,1475,1469,1462,1456,1456,1459,1459,1455,1447,1436,1426,1415,1404,1389,1375,1362,1356,1354,1347,1332,1313,1298,1289,1288,1295,1299,1304,1311,1313,1306,1296,1285,1273,1266,1259,1247,1238,1241,1251,1257,1256,1247,1234,1230,1237,1246,1252,1254,1258,1261,1260,1261,1262,1259,1247,1231,1210,1194,1176,1165,1164,1169,1173,1178,1182,1187,1179,1166,1159,1141,1127,1117,1103,1080,1058,1036,1024,1019,1016,1011,1009,1011,1008,1005,1001,1004,1009,1010,1013,1011,1007,1006,1000,992,985,986,988,986,980,973,970,974,977,973,966,960,964,978,990,1001,1014,1032,1046,1057,1078,1103,1123,1143,1150
1392,1409,1423,1431,1441,1454,1469,1484,1498,1504,1501,1495,1493,1495,1499,1513,1532,1544,1553,1560,1565,1571,1583,1597,1613,1627,1640,1658,1673,1676,1673,1672,1670,1666,1663,1659,1653,1640,1628,1621,1613,1607,1602,1600,1597,1596,1593,1585,1578,1570,1566,1559,1554,1548,1538,1525,1516,1505,1496,1489,1484,1482,1478,1472,1464,1462,1470,1480,1488,1497,1506,1512,1513,1506,1499,1492,1490,1495,1502,1508,1515,1523,1532,1544,1557,1572,1582,1590,1597,1603,1609,1614,1619,1626,1633,1636,1634,1631,1629,1631,1634,1641,1648,1651,1650,1648,1642,1633,1622,1613,1609,1611,1614,1611,1600,1587,1578,1568,1558,1550,1543,1535,1527,1509,1494,1486,1477,1463,1450,1442,1439,1439,1444,1452,1458,1461,1464,1464,1463,1461,1459,1460,1461,1460,1456,1448,1439,1428,1417,1404,1393,1382,1374,1370,1367,1358,1340,1320,1301,1287,1282,1293,1300,1304,1308,1307,1298,1287,1277,1266,1257,1249,1237,1227,1225,1225,1227,1231,1223,1211,1208,1217,1229,1234,1234,1239,1243,1243,1243,1244,1242,1237,1226,1209,1193,1175,1158,1152,1155,1152,1153,1156,1152,1144,1135,1137,1127,1109,1107,1095,1069,1044,1027,1019,1019,1021,1018,1020,1022,1016,1011,1009,1017,1029,1033,1038,1034,1032,1031,1026,1017,1014,1015,1014,1009,1003,992,986,991,994,992,985,976,979,991,1001,1011,1028,1046,1058,1071,1098,1128,1146,1159,1166
1383,1393,1407,1419,1430,1446,1464,1478,1488,1492,1489,1485,1484,1490,1496,1510,1529,1543,1557,1568,1575,1585,1599,1611,1624,1636,1645,1658,1667,1670,1666,1665,1664,1662,1664,1662,1656,1645,1634,1629,1622,1615,1612,1609,1604,1601,1596,1589,1581,1569,1561,1553,1548,1542,1533,1522,1514,1506,1499,1493,1490,1488,1485,1480,1470,1466,1473,1485,1494,1501,1510,1519,1520,1513,1506,1499,1498,1501,1507,1513,1520,1529,1539,1549,1563,1579,1592,1600,1608,1618,1625,1628,1629,1633,1637,1640,1640,1639,1640,1641,1645,1651,1658,1659,1655,1651,1644,1634,1625,1620,1617,1618,1615,1606,1592,1578,1568,1558,1549,1540,1531,1524,1519,1504,1491,1484,1478,1468,1455,1445,1438,1433,1434,1439,1443,1447,1448,1448,1448,1448,1450,1450,1449,1447,1444,1436,1429,1419,1409,1398,1388,1380,1376,1373,1368,1357,1342,1322,1303,1286,1280,1287,1296,1299,1300,1297,1290,1281,1274,1263,1247,1236,1227,1220,1213,1207,1202,1202,1199,1190,1188,1190,1198,1206,1206,1211,1221,1224,1225,1227,1227,1225,1219,1205,1188,1171,1150,1139,1137,1131,1127,1126,1118,1112,1110,1115,1108,1090,1087,1083,1061,1043,1031,1029,1037,1044,1040,1041,1038,1031,1027,1039,1050,1058,1057,1060,1059,1056,1056,1051,1042,1043,1039,1031,1024,1017,1009,1005,1007,1009,1006,1000,998,999,1004,1014,1025,1039,1056,1071,1090,1117,1143,1160,1170,1178
1372,1381,1394,1407,1419,1436,1453,1466,1476,1480,1477,1475,1479,1491,1502,1511,1525,1541,1556,1568,1579,1594,1609,1621,1633,1646,1654,1661,1666,1665,1659,1657,1658,1660,1665,1664,1660,1651,1643,1636,1629,1623,1622,1620,1616,1609,1599,1591,1583,1569,1560,1550,1544,1538,1529,1519,1513,1508,1501,1497,1497,1495,1490,1484,1474,1470,1476,1488,1499,1505,1514,1523,1526,1520,1512,1507,1506,1510,1514,1518,1524,1535,1546,1557,1571,1589,1602,1611,1619,1630,1636,1638,1639,1641,1642,1645,1646,1646,1650,1654,1656,1661,1669,1668,1659,1651,1643,1633,1626,1623,1620,1616,1611,1600,1587,1574,1565,1555,1542,1532,1522,1517,1511,1496,1488,1483,1478,1470,1460,1450,1444,1434,1429,1427,1428,1429,1429,1428,1428,1431,1434,1433,1433,1430,1424,1418,1410,1399,1392,1386,1376,1368,1364,1361,1358,1351,1337,1320,1303,1285,1277,1280,1289,1293,1292,1285,1279,1274,1270,1259,1241,1229,1221,1213,1202,1193,1185,1180,1175,1172,1171,1167,1170,1180,1186,1191,1198,1203,1208,1212,1214,1213,1209,1196,1182,1165,1144,1127,1114,1103,1099,1098,1094,1092,1090,1093,1090,1077,1071,1071,1057,1041,1042,1052,1066,1072,1064,1061,1060,1055,1057,1070,1074,1079,1079,1083,1084,1081,1081,1075,1073,1074,1063,1047,1035,1024,1019,1021,1025,1028,1027,1027,1025,1023,1026,1034,1041,1053,1071,1089,1108,1129,1149,1169,1180,1184
1362,1370,1380,1391,1406,1421,1437,1452,1463,1467,1466,1467,1473,1490,1507,1522,1535,1547,1557,1568,1581,1596,1610,1624,1636,1647,1655,1659,1662,1659,1653,1653,1655,1660,1665,1664,1660,1655,1648,1641,1636,1634,1635,1635,1629,1620,1606,1595,1584,1573,1564,1553,1546,1541,1532,1521,1515,1510,1505,1503,1504,1500,1492,1484,1477,1475,1481,1491,1502,1508,1516,1526,1530,1526,1520,1515,1515,1518,1521,1523,1527,1538,1551,1562,1577,1596,1607,1617,1626,1635,1641,1645,1649,1650,1651,1653,1651,1650,1654,1661,1665,1670,1676,1672,1660,1650,1641,1631,1622,1620,1619,1614,1609,1599,1588,1580,1574,1563,1548,1530,1518,1513,1504,1488,1483,1479,1475,1468,1461,1454,1447,1437,1427,1420,1417,1415,1412,1409,1409,1412,1417,1417,1416,1413,1407,1399,1389,1379,1371,1363,1354,1351,1348,1347,1346,1342,1333,1317,1305,1288,1276,1274,1278,1280,1275,1271,1267,1263,1259,1251,1236,1224,1216,1206,1192,1183,1175,1169,1167,1166,1163,1158,1158,1163,1169,1173,1178,1184,1191,1196,1200,1202,1195,1186,1175,1157,1138,1117,1097,1082,1080,1078,1079,1078,1074,1074,1074,1067,1063,1062,1051,1045,1058,1078,1094,1095,1090,1084,1085,1089,1090,1091,1096,1101,1104,1109,1112,1109,1111,1107,1104,1096,1081,1061,1047,1031,1027,1037,1045,1049,1054,1057,1052,1052,1055,1059,1065,1078,1093,1109,1124,1142,1163,1182,1188,1192
1363,1368,1373,1383,1397,1410,1424,1437,1447,1451,1454,1458,1466,1483,1505,1526,1540,1553,1561,1571,1581,1592,1606,1620,1632,1640,1646,1651,1653,1651,1648,1647,1651,1657,1664,1665,1663,1659,1654,1648,1644,1643,1648,1649,1643,1632,1615,1600,1590,1580,1571,1561,1554,1547,1537,1527,1520,1514,1512,1511,1511,1504,1493,1486,1480,1479,1485,1494,1505,1512,1519,1530,1534,1531,1527,1524,1525,1528,1530,1529,1532,1541,1551,1562,1576,1594,1605,1615,1625,1634,1643,1650,1656,1659,1660,1660,1656,1652,1655,1664,1671,1676,1679,1671,1659,1647,1639,1629,1618,1615,1615,1613,1610,1602,1591,1584,1580,1569,1552,1531,1517,1508,1499,1484,1479,1474,1469,1464,1459,1453,1445,1434,1425,1416,1410,1406,1400,1396,1395,1399,1402,1401,1400,1398,1391,1382,1371,1363,1353,1343,1339,1338,1336,1336,1336,1334,1327,1316,1307,1290,1274,1263,1261,1260,1258,1256,1250,1245,1242,1238,1230,1220,1210,1201,1188,1181,1175,1170,1172,1171,1164,1157,1153,1151,1150,1153,1159,1166,1172,1179,1185,1187,1182,1175,1164,1148,1131,1110,1091,1081,1076,1076,1075,1072,1065,1062,1062,1060,1061,1061,1059,1063,1078,1098,1115,1117,1113,1110,1110,1114,1114,1115,1120,1123,1129,1134,1135,1138,1137,1128,1122,1112,1095,1074,1059,1045,1042,1052,1062,1069,1080,1086,1079,1076,1078,1085,1094,1106,1116,1126,1140,1160,1181,1194,1199,1203
1376,1378,1380,1386,1397,1405,1414,1425,1435,1440,1444,1452,1462,1477,1500,1524,1539,1553,1562,1570,1575,1587,1601,1613,1622,1628,1635,1641,1644,1643,1641,1641,1647,1654,1663,1667,1668,1667,1662,1656,1651,1648,1652,1657,1653,1640,1623,1606,1596,1588,1578,1569,1561,1549,1539,1532,1527,1523,1522,1520,1514,1505,1495,1487,1483,1482,1486,1496,1508,1515,1524,1535,1539,1537,1534,1532,1535,1538,1540,1542,1541,1544,1550,1559,1571,1584,1595,1608,1621,1633,1642,1649,1657,1662,1663,1661,1658,1653,1655,1662,1671,1678,1676,1668,1657,1646,1636,1625,1615,1611,1608,1607,1604,1599,1591,1581,1573,1561,1547,1529,1515,1505,1495,1483,1476,1468,1463,1458,1453,1447,1440,1430,1421,1414,1407,1403,1398,1393,1390,1389,1388,1386,1386,1385,1377,1368,1359,1352,1348,1343,1341,1337,1330,1328,1327,1326,1323,1317,1306,1291,1274,1254,1248,1246,1244,1241,1235,1228,1226,1226,1220,1213,1203,1196,1190,1186,1181,1184,1185,1179,1170,1163,1155,1151,1147,1146,1148,1146,1146,1154,1168,1169,1166,1160,1150,1134,1118,1100,1088,1085,1086,1084,1081,1073,1065,1061,1064,1067,1069,1072,1074,1082,1096,1112,1127,1135,1137,1138,1135,1134,1134,1138,1144,1150,1154,1156,1159,1163,1157,1143,1131,1120,1105,1088,1074,1062,1061,1068,1080,1094,1107,1115,1116,1110,1107,1112,1121,1134,1144,1151,1172,1182,1197,1212,1216,1220
1395,1400,1400,1400,1407,1413,1419,1427,1435,1440,1443,1451,1460,1474,1494,1516,1533,1547,1557,1564,1570,1582,1594,1600,1607,1616,1624,1630,1635,1638,1638,1641,1648,1656,1665,1671,1675,1673,1667,1661,1655,1652,1652,1658,1657,1647,1629,1611,1602,1594,1583,1573,1563,1551,1543,1539,1537,1534,1530,1524,1514,1505,1497,1490,1486,1485,1488,1495,1505,1514,1523,1534,1541,1542,1540,1539,1542,1546,1550,1552,1549,1548,1550,1558,1568,1575,1586,1602,1615,1628,1637,1645,1652,1660,1661,1659,1654,1649,1650,1657,1667,1673,1670,1663,1654,1643,1631,1622,1614,1608,1603,1601,1596,1591,1585,1575,1564,1553,1542,1527,1515,1504,1496,1484,1473,1465,1459,1455,1450,1445,1436,1427,1420,1417,1414,1412,1411,1405,1396,1388,1384,1379,1378,1375,1369,1362,1355,1353,1358,1362,1355,1342,1331,1323,1318,1315,1315,1311,1301,1288,1274,1260,1249,1245,1241,1234,1229,1227,1226,1225,1217,1211,1203,1198,1199,1198,1203,1205,1201,1191,1184,1183,1176,1165,1158,1156,1150,1139,1134,1139,1150,1152,1150,1147,1137,1118,1103,1091,1087,1091,1096,1095,1091,1085,1075,1074,1079,1082,1083,1090,1092,1100,1111,1123,1137,1150,1158,1159,1154,1152,1156,1161,1166,1173,1176,1179,1180,1179,1172,1158,1146,1131,1117,1102,1088,1077,1078,1084,1096,1111,1124,1138,1148,1150,1146,1146,1154,1165,1172,1185,1201,1205,1217,1231,1233,1233
1408,1419,1423,1421,1426,1430,1436,1442,1447,1449,1453,1458,1463,1473,1488,1507,1526,1541,1552,1559,1565,1576,1580,1585,1593,1602,1608,1615,1624,1631,1638,1645,1654,1660,1666,1672,1677,1677,1671,1665,1660,1657,1655,1658,1656,1649,1635,1618,1608,1601,1590,1576,1566,1556,1551,1550,1548,1543,1535,1526,1515,1505,1498,1495,1492,1491,1490,1490,1498,1507,1517,1529,1541,1544,1542,1540,1545,1553,1557,1558,1556,1556,1558,1563,1571,1577,1586,1600,1612,1624,1633,1641,1649,1655,1656,1653,1649,1643,1643,1648,1656,1664,1662,1656,1649,1639,1629,1622,1614,1607,1603,1599,1593,1588,1584,1574,1564,1553,1544,1533,1525,1513,1504,1486,1472,1466,1462,1456,1451,1446,1439,1432,1425,1426,1426,1425,1424,1417,1404,1397,1391,1385,1379,1373,1370,1365,1361,1364,1374,1379,1370,1351,1339,1327,1317,1311,1308,1304,1296,1286,1275,1266,1256,1252,1249,1243,1238,1239,1242,1237,1231,1223,1216,1214,1215,1217,1222,1219,1210,1206,1202,1202,1198,1185,1175,1167,1158,1145,1134,1131,1135,1138,1138,1135,1124,1107,1095,1090,1092,1100,1106,1107,1103,1099,1095,1097,1100,1100,1102,1105,1107,1115,1126,1136,1153,1168,1178,1177,1173,1171,1177,1181,1187,1192,1195,1196,1196,1192,1183,1172,1163,1150,1133,1115,1099,1089,1090,1096,1108,1124,1140,1157,1167,1173,1174,1174,1183,1193,1197,1207,1225,1231,1239,1252,1253,1245
1409,1423,1432,1439,1447,1450,1455,1463,1462,1465,1472,1474,1472,1477,1488,1503,1521,1537,1547,1553,1560,1567,1571,1575,1583,1592,1596,1604,1614,1625,1636,1650,1658,1660,1663,1669,1678,1680,1674,1670,1667,1663,1660,1658,1657,1653,1642,1628,1620,1611,1600,1586,1576,1567,1562,1558,1553,1548,1541,1527,1513,1503,1499,1499,1497,1495,1491,1485,1491,1501,1510,1521,1537,1541,1537,1535,1542,1551,1556,1558,1561,1565,1568,1575,1582,1588,1596,1607,1615,1623,1632,1640,1645,1650,1650,1647,1642,1636,1634,1637,1645,1654,1653,1648,1643,1636,1628,1622,1616,1611,1607,1604,1599,1593,1588,1578,1569,1559,1549,1540,1534,1523,1509,1491,1478,1470,1466,1459,1455,1450,1445,1440,1436,1434,1434,1433,1428,1420,1408,1402,1399,1391,1383,1377,1377,1374,1373,1378,1386,1388,1378,1362,1349,1338,1326,1317,1311,1302,1294,1282,1272,1266,1262,1259,1259,1257,1253,1255,1257,1252,1244,1236,1229,1228,1230,1232,1233,1227,1218,1216,1213,1213,1215,1208,1195,1181,1168,1153,1139,1128,1126,1126,1127,1123,1113,1100,1096,1100,1107,1114,1122,1124,1122,1118,1120,1124,1126,1122,1108,1111,1116,1124,1139,1153,1170,1189,1201,1199,1193,1195,1200,1203,1208,1214,1216,1213,1208,1202,1193,1185,1176,1164,1144,1124,1110,1102,1102,1109,1121,1138,1156,1169,1180,1190,1198,1200,1204,1217,1224,1232,1248,1254,1265,1278,1278,1265
1405,1420,1435,1448,1457,1465,1475,1482,1482,1483,1488,1494,1493,1495,1498,1505,1519,1534,1541,1548,1555,1561,1566,1569,1576,1586,1592,1600,1610,1621,1638,1653,1659,1659,1660,1667,1676,1680,1676,1673,1670,1667,1661,1657,1656,1654,1647,1639,1632,1623,1612,1601,1590,1579,1568,1560,1551,1548,1542,1527,1510,1503,1499,1499,1496,1493,1485,1478,1483,1495,1504,1515,1529,1534,1531,1529,1534,1544,1551,1556,1564,1572,1578,1586,1593,1601,1610,1616,1622,1626,1630,1635,1635,1639,1642,1640,1635,1628,1625,1629,1637,1645,1647,1643,1639,1635,1627,1620,1618,1616,1614,1614,1608,1599,1590,1577,1568,1559,1548,1541,1535,1521,1508,1496,1486,1478,1472,1469,1465,1459,1453,1450,1447,1442,1438,1434,1427,1416,1407,1405,1401,1395,1389,1386,1387,1386,1385,1390,1396,1392,1381,1369,1360,1351,1340,1329,1320,1305,1292,1277,1266,1262,1261,1261,1259,1261,1267,1272,1270,1261,1250,1243,1239,1242,1245,1245,1242,1235,1230,1229,1226,1225,1226,1222,1210,1197,1181,1162,1150,1140,1130,1122,1119,1115,1107,1101,1104,1114,1121,1129,1140,1148,1151,1145,1147,1150,1149,1142,1120,1117,1122,1130,1150,1168,1185,1206,1222,1224,1217,1218,1221,1221,1229,1235,1236,1233,1224,1215,1207,1196,1186,1170,1150,1131,1119,1114,1115,1121,1132,1148,1169,1183,1197,1209,1219,1222,1226,1242,1255,1260,1269,1284,1293,1302,1298,1284
1399,1416,1436,1449,1463,1477,1490,1498,1502,1502,1511,1518,1516,1515,1513,1513,1520,1529,1538,1545,1552,1557,1562,1568,1575,1586,1597,1603,1610,1622,1640,1652,1657,1656,1657,1663,1671,1675,1675,1674,1671,1666,1660,1655,1653,1651,1649,1646,1639,1630,1620,1610,1600,1589,1575,1561,1551,1545,1540,1525,1511,1505,1502,1500,1496,1490,1480,1473,1476,1487,1498,1507,1522,1528,1524,1521,1525,1536,1543,1552,1563,1572,1581,1590,1598,1609,1616,1620,1623,1624,1624,1625,1624,1628,1634,1633,1626,1620,1619,1622,1629,1636,1639,1637,1635,1632,1625,1618,1617,1619,1623,1625,1618,1605,1592,1580,1570,1558,1547,1540,1532,1519,1509,1501,1494,1488,1485,1483,1476,1468,1462,1459,1454,1448,1440,1435,1428,1418,1409,1406,1404,1402,1400,1399,1398,1400,1400,1402,1402,1396,1384,1373,1365,1354,1346,1337,1325,1306,1289,1274,1263,1261,1261,1262,1260,1267,1278,1284,1279,1267,1254,1249,1249,1256,1259,1255,1251,1244,1242,1243,1243,1241,1237,1230,1219,1208,1193,1176,1165,1156,1144,1134,1127,1120,1116,1115,1117,1121,1128,1140,1153,1164,1169,1169,1174,1173,1168,1160,1149,1142,1136,1139,1159,1177,1195,1214,1236,1244,1242,1242,1241,1242,1248,1255,1256,1255,1245,1233,1223,1212,1198,1176,1153,1138,1129,1125,1127,1133,1147,1163,1181,1199,1213,1225,1235,1244,1252,1268,1284,1287,1300,1315,1317,1317,1308,1290
1396,1413,1433,1453,1474,1493,1503,1509,1517,1526,1539,1545,1538,1532,1531,1528,1528,1533,1540,1543,1549,1556,1564,1573,1581,1594,1605,1613,1620,1630,1639,1649,1655,1655,1655,1658,1664,1668,1672,1674,1670,1665,1660,1654,1651,1649,1648,1644,1637,1628,1621,1612,1602,1591,1578,1564,1551,1541,1534,1525,1515,1509,1507,1504,1497,1489,1479,1471,1470,1479,1490,1501,1514,1519,1514,1509,1515,1528,1536,1544,1554,1565,1577,1588,1596,1603,1611,1614,1615,1615,1612,1612,1613,1618,1625,1625,1618,1612,1611,1613,1619,1625,1628,1629,1628,1624,1618,1615,1616,1620,1626,1628,1623,1611,1596,1584,1575,1562,1552,1542,1532,1523,1513,1507,1502,1498,1496,1494,1485,1477,1471,1460,1455,1448,1439,1435,1433,1428,1419,1415,1416,1414,1412,1409,1406,1406,1406,1405,1402,1395,1385,1374,1363,1351,1343,1335,1323,1302,1282,1272,1270,1272,1274,1274,1276,1284,1295,1298,1291,1275,1263,1260,1266,1273,1272,1267,1262,1257,1255,1258,1258,1257,1252,1242,1230,1218,1208,1195,1185,1176,1167,1162,1152,1137,1134,1133,1128,1126,1131,1145,1158,1167,1175,1183,1194,1197,1192,1182,1178,1169,1159,1156,1168,1184,1199,1218,1243,1259,1262,1262,1263,1266,1270,1276,1277,1273,1264,1251,1239,1223,1208,1180,1160,1151,1143,1139,1137,1142,1160,1178,1195,1211,1224,1236,1248,1261,1273,1286,1305,1316,1328,1336,1334,1326,1311,1292
1396,1413,1434,1457,1477,1495,1505,1512,1521,1535,1550,1558,1552,1549,1551,1548,1546,1549,1551,1552,1560,1570,1573,1579,1588,1600,1611,1621,1629,1635,1641,1648,1654,1655,1653,1655,1657,1660,1670,1674,1671,1666,1660,1655,1651,1648,1645,1638,1631,1624,1616,1606,1597,1585,1574,1560,1547,1537,1531,1526,1521,1515,1511,1507,1499,1490,1478,1467,1464,1472,1484,1494,1505,1507,1502,1498,1505,1519,1528,1536,1545,1555,1569,1580,1588,1594,1599,1601,1600,1599,1595,1595,1600,1610,1618,1618,1609,1605,1602,1605,1612,1617,1619,1620,1619,1616,1611,1612,1616,1620,1626,1629,1625,1614,1598,1587,1578,1568,1558,1545,1537,1530,1524,1516,1510,1506,1505,1498,1490,1482,1473,1457,1451,1445,1439,1438,1441,1442,1434,1426,1425,1423,1418,1413,1407,1404,1401,1397,1393,1388,1381,1371,1358,1347,1339,1327,1315,1296,1278,1275,1286,1293,1297,1298,1297,1302,1309,1312,1305,1290,1277,1275,1281,1288,1285,1277,1271,1266,1266,1271,1272,1271,1265,1254,1241,1230,1225,1218,1211,1199,1188,1181,1170,1159,1155,1154,1143,1133,1132,1142,1153,1160,1170,1184,1201,1209,1210,1204,1198,1191,1185,1181,1186,1191,1200,1219,1248,1266,1275,1281,1286,1289,1291,1295,1297,1289,1278,1265,1248,1227,1210,1189,1175,1165,1157,1154,1149,1152,1169,1188,1209,1229,1241,1247,1260,1275,1288,1303,1322,1337,1344,1346,1340,1326,1308,1295
1394,1413,1433,1456,1471,1484,1494,1504,1518,1534,1549,1561,1565,1571,1568,1561,1557,1560,1563,1567,1574,1580,1581,1584,1591,1601,1614,1624,1631,1637,1643,1646,1648,1648,1650,1652,1653,1656,1670,1676,1674,1666,1659,1654,1649,1644,1640,1631,1624,1617,1605,1594,1587,1577,1567,1555,1543,1537,1532,1529,1525,1520,1514,1510,1503,1493,1478,1464,1457,1463,1475,1485,1492,1495,1492,1487,1494,1510,1520,1529,1539,1549,1561,1570,1575,1579,1581,1583,1582,1581,1577,1578,1589,1602,1609,1608,1602,1596,1594,1599,1606,1610,1611,1613,1613,1609,1607,1611,1617,1621,1628,1630,1625,1615,1600,1591,1583,1575,1566,1552,1543,1537,1531,1523,1516,1512,1511,1502,1492,1483,1471,1456,1450,1445,1448,1455,1457,1456,1447,1435,1430,1422,1415,1409,1403,1398,1393,1387,1381,1376,1373,1368,1357,1349,1341,1326,1312,1296,1281,1284,1297,1305,1311,1317,1316,1317,1318,1319,1313,1303,1293,1289,1293,1299,1297,1288,1280,1276,1281,1287,1286,1282,1277,1267,1251,1241,1238,1237,1231,1218,1201,1190,1182,1178,1176,1173,1162,1145,1136,1137,1143,1152,1164,1181,1202,1214,1221,1220,1216,1213,1209,1206,1206,1203,1204,1218,1242,1264,1280,1292,1302,1308,1312,1314,1310,1298,1285,1270,1251,1230,1216,1203,1195,1180,1170,1168,1165,1165,1181,1203,1226,1247,1264,1267,1281,1295,1309,1320,1336,1347,1345,1337,1329,1314,1298,1291
1395,1409,1425,1444,1459,1471,1485,1496,1513,1528,1540,1555,1573,1576,1571,1565,1561,1561,1567,1571,1581,1588,1591,1591,1594,1603,1616,1627,1635,1638,1637,1637,1638,1638,1640,1646,1651,1657,1668,1677,1676,1669,1662,1652,1643,1637,1631,1623,1617,1607,1594,1584,1576,1568,1562,1552,1544,1540,1537,1533,1525,1520,1514,1510,1505,1493,1477,1461,1452,1458,1468,1477,1482,1484,1483,1481,1488,1502,1515,1527,1540,1550,1560,1566,1565,1563,1560,1561,1561,1559,1558,1562,1572,1585,1594,1596,1591,1585,1584,1592,1598,1600,1602,1605,1604,1601,1601,1607,1616,1623,1628,1631,1628,1619,1609,1602,1594,1586,1577,1563,1551,1544,1538,1530,1525,1520,1514,1503,1492,1483,1472,1462,1458,1457,1466,1472,1470,1463,1452,1436,1425,1415,1408,1402,1396,1392,1384,1378,1369,1364,1364,1362,1355,1350,1343,1329,1314,1297,1286,1291,1303,1314,1324,1332,1331,1327,1326,1325,1319,1312,1305,1302,1304,1313,1313,1302,1293,1290,1295,1299,1297,1291,1285,1276,1263,1256,1253,1250,1244,1231,1212,1197,1193,1193,1193,1186,1174,1159,1149,1145,1148,1156,1166,1178,1202,1222,1233,1237,1237,1235,1231,1228,1226,1223,1221,1228,1245,1261,1277,1294,1309,1318,1324,1327,1319,1303,1289,1272,1254,1238,1229,1222,1214,1200,1190,1184,1181,1182,1196,1217,1238,1262,1279,1295,1309,1319,1327,1336,1347,1347,1335,1324,1312,1297,1286,1279
1401,1410,1422,1436,1449,1461,1473,1483,1495,1514,1527,1547,1566,1569,1564,1560,1556,1556,1559,1562,1570,1588,1596,1595,1595,1603,1615,1626,1635,1633,1628,1626,1626,1626,1630,1636,1643,1648,1660,1674,1675,1669,1662,1650,1640,1630,1622,1615,1610,1600,1589,1578,1569,1563,1561,1555,1549,1544,1541,1534,1523,1514,1510,1508,1501,1488,1473,1456,1445,1451,1461,1468,1470,1472,1474,1480,1488,1501,1515,1530,1543,1553,1560,1564,1561,1550,1541,1539,1538,1540,1542,1549,1555,1569,1582,1585,1582,1578,1577,1583,1589,1592,1595,1597,1595,1591,1592,1603,1614,1624,1631,1638,1638,1631,1621,1613,1604,1594,1584,1570,1561,1555,1549,1541,1536,1528,1518,1505,1494,1487,1481,1477,1476,1478,1484,1484,1475,1463,1451,1432,1418,1408,1401,1396,1390,1385,1378,1372,1365,1357,1355,1354,1353,1348,1339,1327,1312,1297,1294,1300,1318,1332,1340,1343,1340,1335,1334,1334,1330,1323,1319,1320,1322,1324,1323,1310,1303,1302,1306,1310,1308,1301,1293,1285,1279,1275,1271,1264,1252,1240,1225,1214,1212,1213,1210,1198,1188,1177,1168,1161,1161,1164,1166,1175,1201,1227,1241,1253,1257,1255,1250,1246,1244,1244,1245,1252,1262,1268,1281,1298,1316,1328,1335,1337,1329,1313,1296,1278,1265,1256,1249,1244,1237,1222,1208,1198,1194,1196,1207,1225,1249,1274,1297,1315,1331,1337,1340,1347,1352,1343,1325,1309,1298,1284,1272,1264
1412,1416,1422,1432,1443,1452,1461,1467,1480,1501,1518,1535,1550,1554,1551,1548,1545,1543,1544,1549,1561,1580,1589,1587,1586,1596,1611,1621,1629,1631,1622,1614,1612,1610,1613,1622,1630,1633,1651,1667,1669,1667,1663,1654,1643,1631,1619,1612,1608,1601,1595,1583,1573,1568,1565,1562,1555,1545,1538,1530,1517,1507,1504,1503,1495,1482,1467,1451,1437,1444,1455,1461,1461,1462,1469,1480,1493,1506,1517,1528,1540,1550,1556,1558,1556,1543,1530,1521,1518,1521,1529,1538,1546,1561,1572,1574,1573,1569,1568,1572,1576,1583,1590,1591,1586,1580,1584,1596,1610,1623,1636,1647,1649,1643,1633,1622,1613,1601,1590,1579,1572,1568,1565,1556,1547,1537,1524,1513,1504,1499,1495,1491,1493,1497,1499,1493,1473,1460,1450,1433,1415,1404,1399,1393,1387,1381,1375,1372,1366,1355,1348,1345,1344,1340,1331,1320,1308,1302,1306,1320,1338,1349,1354,1354,1350,1346,1346,1347,1344,1337,1333,1336,1338,1337,1332,1320,1315,1314,1318,1322,1319,1311,1304,1298,1295,1292,1284,1273,1260,1249,1240,1236,1233,1228,1223,1215,1208,1200,1193,1181,1174,1171,1168,1178,1207,1227,1247,1267,1275,1272,1266,1262,1260,1264,1269,1273,1280,1286,1294,1307,1323,1336,1344,1347,1341,1326,1307,1290,1282,1278,1271,1266,1261,1245,1229,1211,1203,1204,1216,1235,1263,1287,1307,1323,1341,1351,1350,1351,1347,1332,1312,1296,1283,1269,1255,1244
1427,1428,1429,1432,1445,1454,1453,1456,1468,1485,1503,1518,1530,1535,1535,1533,1529,1527,1526,1534,1549,1565,1575,1572,1573,1585,1598,1608,1617,1619,1609,1599,1591,1588,1596,1607,1617,1625,1640,1656,1664,1669,1669,1662,1650,1636,1624,1616,1610,1605,1599,1589,1581,1575,1569,1563,1552,1539,1528,1519,1506,1496,1495,1498,1490,1475,1461,1448,1437,1443,1453,1459,1457,1461,1471,1483,1498,1508,1514,1522,1533,1545,1554,1556,1553,1543,1526,1512,1504,1506,1516,1531,1541,1552,1559,1562,1559,1554,1556,1560,1565,1573,1581,1580,1575,1571,1574,1586,1604,1622,1640,1654,1657,1652,1642,1632,1622,1612,1602,1593,1585,1579,1576,1565,1554,1543,1532,1522,1516,1510,1505,1506,1510,1513,1508,1496,1473,1459,1450,1435,1417,1407,1402,1395,1389,1385,1382,1379,1370,1355,1344,1337,1334,1332,1325,1315,1305,1304,1316,1333,1351,1362,1366,1364,1360,1359,1363,1362,1359,1352,1350,1350,1351,1349,1341,1335,1332,1330,1332,1332,1329,1322,1320,1316,1312,1305,1294,1279,1268,1261,1256,1256,1251,1238,1230,1225,1224,1220,1212,1200,1188,1178,1170,1182,1211,1231,1253,1276,1290,1291,1285,1281,1282,1287,1288,1291,1297,1305,1313,1322,1334,1346,1356,1360,1356,1342,1325,1308,1299,1297,1290,1284,1277,1264,1245,1224,1212,1212,1228,1251,1276,1298,1314,1328,1348,1364,1359,1349,1338,1320,1302,1285,1265,1251,1236,1227
1442,1441,1442,1444,1453,1452,1442,1439,1447,1462,1479,1497,1510,1513,1507,1506,1509,1508,1509,1520,1533,1549,1557,1554,1554,1565,1580,1592,1601,1600,1592,1586,1576,1570,1579,1594,1606,1617,1632,1647,1659,1669,1672,1668,1656,1644,1633,1622,1612,1603,1593,1585,1577,1570,1562,1552,1543,1530,1518,1507,1494,1484,1486,1490,1483,1469,1456,1446,1435,1440,1449,1454,1454,1465,1477,1489,1501,1505,1506,1512,1523,1538,1549,1555,1554,1543,1527,1510,1495,1495,1511,1524,1532,1538,1545,1548,1543,1539,1539,1548,1556,1563,1572,1571,1566,1562,1566,1578,1597,1620,1641,1654,1661,1660,1656,1644,1633,1623,1615,1607,1599,1592,1585,1575,1565,1553,1539,1528,1522,1517,1516,1521,1527,1523,1512,1496,1475,1460,1450,1437,1425,1415,1408,1400,1395,1394,1393,1389,1377,1360,1347,1337,1332,1329,1320,1312,1305,1310,1326,1342,1358,1370,1374,1372,1370,1373,1377,1378,1374,1371,1370,1368,1363,1357,1351,1349,1350,1347,1344,1341,1339,1337,1337,1335,1327,1317,1302,1287,1280,1276,1273,1270,1261,1247,1241,1242,1242,1240,1232,1219,1204,1190,1177,1187,1213,1230,1252,1274,1295,1306,1309,1306,1306,1307,1311,1316,1323,1329,1337,1345,1355,1362,1369,1373,1368,1358,1346,1331,1320,1312,1304,1292,1279,1264,1247,1230,1225,1229,1248,1267,1286,1309,1326,1341,1359,1372,1364,1346,1330,1313,1293,1270,1250,1236,1221,1215
1456,1453,1452,1449,1447,1441,1429,1424,1429,1442,1463,1483,1497,1495,1485,1479,1482,1486,1488,1500,1520,1533,1537,1535,1533,1541,1558,1573,1579,1576,1576,1572,1562,1553,1563,1581,1597,1613,1628,1639,1652,1663,1666,1666,1660,1651,1641,1626,1613,1601,1589,1575,1565,1557,1546,1536,1530,1520,1509,1499,1482,1473,1477,1480,1476,1465,1451,1438,1428,1432,1441,1446,1448,1461,1476,1489,1496,1496,1495,1499,1510,1529,1542,1549,1548,1537,1523,1504,1485,1489,1505,1520,1525,1529,1535,1536,1532,1528,1529,1539,1548,1559,1568,1566,1559,1555,1558,1571,1590,1610,1636,1652,1662,1668,1668,1660,1649,1637,1630,1622,1615,1607,1597,1586,1573,1559,1544,1534,1528,1526,1528,1533,1534,1528,1514,1496,1476,1462,1452,1442,1433,1426,1419,1410,1404,1404,1403,1398,1385,1369,1357,1346,1339,1332,1318,1313,1311,1317,1333,1347,1360,1371,1376,1379,1384,1389,1392,1393,1391,1390,1388,1383,1374,1365,1363,1365,1367,1365,1357,1353,1352,1353,1353,1346,1334,1322,1308,1297,1293,1293,1291,1284,1273,1260,1257,1261,1263,1260,1251,1235,1221,1207,1191,1189,1207,1227,1249,1270,1294,1311,1323,1329,1330,1330,1333,1339,1348,1353,1362,1369,1375,1377,1381,1382,1377,1368,1359,1346,1333,1317,1305,1291,1270,1258,1245,1237,1242,1252,1270,1284,1299,1320,1342,1355,1367,1376,1365,1342,1323,1304,1284,1262,1244,1231,1212,1206
1466,1462,1454,1442,1431,1426,1419,1417,1422,1433,1456,1475,1482,1479,1468,1456,1457,1462,1469,1484,1505,1518,1521,1514,1518,1527,1536,1553,1562,1562,1559,1555,1548,1543,1552,1572,1592,1608,1628,1638,1648,1653,1654,1657,1656,1651,1642,1627,1613,1601,1587,1568,1554,1541,1531,1522,1515,1508,1500,1489,1474,1468,1468,1470,1469,1459,1443,1429,1421,1426,1433,1437,1441,1452,1470,1482,1484,1482,1483,1488,1500,1519,1532,1537,1534,1521,1510,1492,1480,1485,1503,1517,1523,1522,1523,1525,1523,1522,1525,1533,1540,1550,1557,1554,1548,1543,1548,1565,1583,1601,1624,1647,1663,1675,1679,1676,1668,1656,1645,1635,1626,1617,1607,1596,1581,1567,1557,1545,1538,1538,1540,1542,1538,1528,1513,1493,1473,1462,1455,1446,1440,1439,1434,1425,1416,1412,1409,1405,1391,1375,1363,1354,1343,1330,1318,1313,1318,1326,1337,1348,1361,1371,1376,1384,1395,1403,1407,1408,1409,1406,1401,1395,1385,1376,1379,1383,1385,1382,1374,1366,1363,1366,1365,1353,1340,1330,1319,1313,1309,1309,1306,1296,1286,1276,1273,1276,1277,1275,1266,1249,1230,1210,1192,1190,1206,1225,1246,1267,1290,1308,1326,1340,1349,1352,1354,1359,1369,1376,1382,1387,1390,1392,1391,1385,1376,1366,1357,1347,1334,1310,1297,1286,1268,1258,1252,1253,1262,1271,1287,1299,1311,1334,1356,1368,1376,1377,1363,1338,1321,1300,1280,1260,1245,1232,1210,1199
1461,1460,1449,1432,1416,1408,1404,1406,1411,1420,1441,1457,1461,1459,1450,1440,1436,1441,1458,1475,1492,1502,1501,1494,1495,1505,1519,1542,1557,1556,1545,1535,1535,1535,1549,1571,1586,1604,1622,1635,1643,1645,1644,1651,1654,1651,1644,1629,1613,1601,1584,1565,1549,1532,1521,1510,1502,1496,1487,1478,1469,1462,1460,1459,1458,1450,1439,1425,1416,1419,1423,1428,1436,1451,1466,1474,1472,1469,1472,1481,1494,1508,1517,1520,1516,1508,1495,1479,1469,1472,1494,1507,1513,1512,1510,1511,1513,1522,1529,1533,1536,1537,1538,1536,1531,1531,1542,1561,1578,1594,1618,1642,1661,1678,1687,1687,1680,1672,1662,1649,1638,1628,1618,1604,1586,1574,1565,1555,1550,1547,1547,1546,1537,1524,1510,1489,1470,1464,1458,1452,1449,1448,1442,1433,1424,1414,1408,1403,1392,1375,1361,1353,1337,1326,1317,1318,1327,1336,1342,1351,1362,1371,1378,1389,1401,1411,1418,1422,1425,1423,1418,1409,1398,1391,1391,1397,1401,1403,1396,1385,1378,1375,1370,1361,1352,1346,1339,1335,1329,1325,1317,1308,1299,1292,1292,1294,1292,1284,1275,1257,1234,1208,1194,1199,1211,1223,1241,1261,1282,1299,1319,1342,1361,1369,1376,1383,1390,1395,1399,1403,1405,1403,1396,1384,1366,1353,1348,1340,1324,1301,1290,1285,1279,1272,1267,1269,1276,1286,1302,1314,1328,1351,1369,1380,1384,1379,1363,1342,1324,1303,1282,1267,1255,1238,1216,1202
1448,1451,1445,1426,1404,1388,1385,1389,1398,1404,1417,1433,1439,1439,1435,1428,1419,1428,1450,1476,1491,1489,1481,1478,1475,1490,1511,1531,1548,1548,1528,1516,1516,1522,1545,1565,1583,1601,1614,1625,1634,1637,1639,1646,1654,1658,1649,1633,1617,1600,1581,1565,1547,1529,1516,1502,1492,1485,1477,1470,1462,1454,1450,1449,1448,1442,1433,1422,1410,1409,1410,1416,1432,1452,1466,1466,1460,1458,1466,1481,1495,1501,1500,1500,1499,1493,1480,1466,1458,1462,1476,1490,1498,1501,1499,1500,1509,1524,1532,1532,1531,1527,1524,1522,1521,1526,1540,1558,1576,1591,1615,1638,1660,1677,1687,1690,1688,1683,1674,1662,1649,1637,1626,1607,1590,1579,1571,1563,1559,1555,1552,1547,1534,1520,1508,1492,1480,1473,1463,1456,1453,1450,1442,1432,1422,1411,1403,1398,1386,1368,1353,1347,1334,1323,1316,1320,1333,1343,1347,1356,1365,1377,1386,1396,1405,1414,1423,1431,1437,1438,1434,1425,1416,1408,1407,1410,1413,1418,1414,1405,1395,1387,1376,1370,1369,1366,1361,1355,1345,1338,1331,1325,1317,1314,1314,1313,1306,1291,1275,1256,1233,1210,1202,1208,1216,1229,1246,1262,1278,1292,1312,1335,1359,1377,1392,1402,1409,1412,1413,1414,1416,1409,1397,1380,1357,1341,1336,1327,1318,1299,1293,1296,1297,1294,1286,1283,1287,1298,1315,1329,1345,1367,1382,1390,1393,1382,1365,1347,1326,1307,1290,1281,1269,1248,1231,1214
1434,1439,1434,1419,1390,1371,1366,1367,1376,1395,1406,1414,1419,1422,1422,1416,1410,1417,1437,1468,1483,1480,1467,1455,1450,1470,1496,1514,1529,1532,1517,1506,1504,1511,1539,1560,1578,1594,1606,1614,1619,1626,1635,1645,1656,1660,1654,1639,1622,1604,1587,1564,1548,1532,1518,1502,1491,1483,1474,1464,1456,1447,1442,1438,1434,1431,1428,1419,1405,1403,1405,1411,1425,1446,1457,1456,1450,1449,1460,1476,1491,1491,1484,1483,1481,1473,1462,1455,1452,1457,1467,1479,1487,1489,1491,1498,1512,1529,1534,1529,1523,1517,1512,1513,1516,1525,1543,1562,1577,1590,1610,1633,1656,1672,1683,1689,1691,1688,1680,1667,1652,1638,1628,1611,1598,1585,1576,1570,1567,1563,1558,1549,1536,1522,1510,1497,1488,1480,1467,1457,1452,1448,1440,1433,1423,1408,1398,1389,1376,1358,1346,1341,1331,1323,1319,1324,1338,1348,1352,1359,1370,1385,1397,1405,1413,1420,1429,1439,1448,1453,1450,1442,1435,1427,1424,1424,1425,1430,1429,1420,1410,1401,1384,1377,1380,1382,1381,1377,1366,1357,1350,1345,1338,1335,1332,1328,1316,1294,1274,1255,1233,1216,1212,1220,1237,1251,1266,1274,1283,1293,1312,1336,1358,1381,1401,1416,1426,1429,1428,1425,1421,1410,1394,1378,1357,1338,1329,1321,1317,1309,1309,1315,1318,1313,1305,1298,1299,1310,1328,1345,1360,1377,1390,1398,1396,1380,1363,1345,1324,1307,1293,1285,1271,1253,1238,1218
1419,1419,1415,1403,1379,1360,1350,1351,1369,1387,1395,1398,1397,1399,1400,1400,1401,1407,1428,1456,1471,1465,1451,1439,1435,1452,1476,1497,1512,1516,1510,1502,1497,1508,1537,1556,1568,1581,1593,1602,1611,1620,1632,1644,1654,1658,1653,1639,1623,1609,1594,1572,1553,1538,1526,1512,1500,1491,1480,1464,1451,1442,1435,1429,1423,1421,1420,1414,1402,1400,1405,1410,1421,1440,1451,1448,1440,1438,1452,1467,1478,1479,1473,1467,1464,1458,1449,1445,1447,1453,1460,1470,1478,1482,1489,1500,1516,1530,1537,1529,1518,1508,1502,1504,1509,1521,1549,1569,1582,1592,1608,1627,1644,1660,1674,1682,1686,1686,1680,1668,1652,1637,1626,1612,1601,1590,1581,1575,1573,1566,1556,1550,1538,1525,1513,1498,1489,1480,1468,1454,1445,1442,1436,1431,1420,1405,1392,1379,1366,1356,1347,1340,1333,1327,1324,1327,1337,1351,1358,1365,1376,1389,1402,1414,1424,1431,1438,1448,1458,1465,1465,1459,1451,1444,1439,1439,1442,1444,1439,1429,1420,1412,1395,1385,1386,1398,1403,1396,1386,1377,1370,1363,1357,1350,1345,1338,1322,1295,1272,1255,1238,1221,1218,1230,1250,1270,1290,1297,1301,1311,1325,1342,1362,1382,1404,1423,1441,1446,1443,1435,1421,1408,1394,1380,1365,1354,1341,1326,1322,1323,1329,1336,1338,1332,1324,1316,1315,1327,1345,1359,1372,1387,1397,1404,1397,1376,1352,1337,1317,1300,1286,1275,1262,1249,1233,1213
1399,1400,1398,1390,1374,1353,1342,1341,1355,1372,1378,1378,1377,1376,1377,1385,1391,1401,1424,1448,1463,1455,1441,1431,1427,1440,1461,1482,1502,1507,1504,1497,1493,1502,1525,1539,1552,1567,1582,1595,1609,1622,1632,1641,1651,1653,1648,1636,1622,1608,1595,1571,1555,1540,1528,1518,1505,1493,1482,1464,1446,1436,1428,1422,1414,1410,1409,1407,1398,1393,1397,1404,1414,1430,1439,1438,1431,1430,1440,1457,1469,1471,1464,1454,1450,1446,1440,1442,1447,1453,1462,1475,1484,1486,1495,1508,1522,1537,1542,1535,1520,1505,1497,1497,1501,1524,1553,1569,1579,1589,1604,1617,1629,1644,1660,1671,1678,1681,1678,1668,1652,1635,1621,1609,1599,1591,1583,1577,1572,1564,1554,1547,1536,1522,1509,1495,1486,1479,1464,1449,1437,1431,1426,1420,1414,1400,1386,1374,1366,1361,1355,1347,1338,1330,1327,1331,1340,1350,1358,1368,1379,1388,1399,1413,1427,1436,1446,1457,1470,1478,1479,1473,1467,1460,1454,1453,1456,1455,1451,1440,1429,1420,1407,1394,1403,1420,1423,1415,1407,1398,1392,1386,1379,1370,1358,1342,1323,1295,1272,1254,1238,1223,1225,1238,1260,1284,1305,1316,1327,1338,1346,1353,1366,1385,1404,1425,1445,1454,1450,1439,1429,1420,1408,1394,1383,1373,1360,1344,1335,1339,1345,1352,1357,1354,1344,1335,1335,1349,1360,1369,1387,1399,1407,1407,1394,1369,1344,1330,1309,1289,1273,1261,1248,1237,1221,1203
1379,1381,1380,1378,1367,1349,1337,1330,1343,1359,1363,1362,1360,1359,1359,1367,1378,1397,1417,1435,1450,1443,1432,1421,1421,1440,1457,1475,1493,1501,1499,1492,1490,1498,1510,1522,1538,1554,1572,1589,1606,1620,1630,1639,1644,1645,1640,1631,1617,1601,1582,1564,1550,1535,1522,1511,1499,1487,1475,1459,1443,1431,1422,1416,1409,1404,1400,1399,1390,1386,1390,1397,1409,1419,1426,1427,1421,1421,1431,1447,1457,1457,1450,1441,1434,1432,1434,1443,1455,1470,1479,1488,1492,1493,1501,1514,1527,1541,1545,1537,1522,1504,1493,1493,1500,1520,1548,1560,1569,1580,1594,1604,1616,1631,1648,1664,1674,1679,1677,1664,1649,1631,1615,1601,1593,1585,1578,1571,1566,1557,1549,1542,1530,1514,1501,1489,1482,1474,1459,1442,1428,1419,1412,1407,1404,1395,1382,1375,1375,1373,1367,1355,1342,1332,1333,1339,1344,1349,1354,1364,1375,1385,1395,1408,1421,1435,1448,1461,1474,1485,1492,1490,1484,1479,1476,1472,1469,1467,1462,1454,1438,1424,1413,1410,1420,1433,1438,1432,1425,1420,1416,1401,1392,1382,1364,1343,1321,1291,1269,1250,1231,1223,1232,1247,1266,1289,1312,1329,1346,1358,1361,1365,1383,1396,1411,1427,1443,1455,1456,1451,1447,1442,1430,1415,1397,1385,1375,1361,1351,1352,1359,1366,1371,1371,1364,1353,1358,1369,1375,1383,1399,1409,1413,1407,1388,1364,1340,1325,1301,1279,1262,1247,1233,1224,1208,1192
1357,1360,1361,1361,1355,1342,1329,1321,1328,1342,1350,1348,1345,1343,1345,1359,1379,1398,1410,1426,1435,1430,1418,1411,1421,1441,1455,1468,1483,1493,1490,1482,1480,1488,1500,1512,1529,1547,1564,1581,1600,1615,1624,1631,1636,1637,1635,1624,1611,1593,1576,1557,1544,1527,1510,1498,1489,1481,1468,1458,1445,1433,1422,1415,1409,1402,1395,1392,1387,1382,1383,1391,1403,1411,1416,1416,1412,1416,1426,1438,1444,1442,1437,1430,1424,1424,1433,1449,1464,1482,1494,1502,1502,1505,1510,1520,1532,1540,1538,1530,1516,1501,1490,1491,1498,1514,1535,1547,1558,1569,1581,1592,1605,1620,1638,1657,1669,1675,1670,1656,1642,1626,1610,1595,1584,1573,1567,1559,1553,1547,1542,1534,1520,1504,1492,1482,1475,1467,1455,1438,1420,1409,1400,1396,1396,1391,1385,1384,1388,1386,1376,1360,1345,1338,1341,1347,1350,1354,1355,1360,1368,1379,1390,1400,1412,1428,1445,1458,1472,1486,1498,1502,1497,1494,1495,1490,1483,1477,1471,1462,1446,1430,1423,1425,1432,1441,1447,1440,1433,1428,1421,1406,1393,1377,1361,1339,1311,1281,1264,1240,1225,1225,1236,1252,1266,1282,1306,1331,1352,1366,1374,1379,1399,1418,1425,1435,1451,1465,1470,1467,1462,1456,1443,1427,1410,1395,1382,1371,1364,1363,1371,1379,1380,1380,1371,1366,1373,1384,1391,1401,1413,1417,1416,1405,1381,1359,1336,1317,1291,1270,1255,1239,1224,1217,1206,1197
1334,1340,1341,1339,1338,1333,1324,1315,1312,1325,1331,1328,1327,1326,1330,1349,1378,1390,1397,1410,1417,1413,1401,1397,1405,1428,1451,1461,1472,1480,1478,1471,1465,1466,1486,1504,1522,1538,1555,1573,1591,1606,1617,1623,1630,1638,1635,1625,1610,1589,1571,1552,1536,1518,1502,1491,1485,1477,1469,1466,1461,1448,1436,1426,1417,1406,1400,1393,1385,1377,1374,1380,1394,1403,1404,1405,1406,1412,1419,1426,1427,1426,1424,1420,1418,1423,1437,1453,1468,1485,1503,1515,1520,1521,1522,1529,1536,1535,1528,1518,1506,1491,1481,1483,1492,1505,1523,1539,1553,1564,1577,1591,1602,1614,1630,1648,1663,1668,1663,1650,1637,1623,1605,1587,1573,1562,1554,1546,1540,1537,1533,1523,1510,1496,1484,1472,1464,1458,1449,1434,1418,1407,1397,1393,1392,1396,1396,1397,1398,1395,1382,1365,1349,1342,1345,1351,1357,1362,1363,1364,1367,1374,1385,1394,1402,1417,1436,1451,1465,1481,1498,1508,1512,1512,1512,1508,1499,1490,1481,1471,1456,1442,1437,1444,1447,1449,1449,1442,1433,1425,1418,1403,1385,1366,1349,1328,1300,1271,1249,1230,1227,1234,1246,1264,1273,1281,1300,1326,1349,1364,1374,1388,1410,1431,1448,1457,1468,1480,1482,1481,1474,1464,1449,1431,1416,1401,1389,1379,1376,1377,1387,1394,1392,1385,1377,1377,1381,1394,1409,1423,1430,1428,1419,1403,1376,1354,1332,1308,1280,1265,1256,1242,1226,1225,1223,1218
1310,1326,1319,1314,1322,1324,1315,1305,1300,1311,1315,1311,1308,1306,1312,1331,1356,1372,1380,1387,1394,1393,1387,1386,1396,1430,1451,1462,1467,1465,1460,1456,1449,1455,1476,1494,1513,1530,1546,1564,1586,1605,1615,1620,1628,1637,1637,1629,1612,1588,1567,1547,1532,1519,1507,1498,1491,1482,1476,1479,1478,1470,1457,1449,1440,1425,1415,1403,1382,1372,1366,1370,1387,1393,1394,1395,1401,1409,1410,1411,1411,1413,1412,1411,1414,1429,1445,1457,1471,1487,1506,1522,1531,1533,1530,1529,1530,1525,1517,1506,1492,1478,1471,1473,1485,1499,1520,1536,1552,1571,1584,1594,1604,1613,1627,1642,1653,1659,1654,1644,1633,1620,1602,1580,1564,1553,1543,1532,1527,1524,1518,1511,1501,1490,1478,1463,1454,1448,1441,1431,1419,1411,1403,1399,1404,1409,1409,1408,1408,1402,1388,1371,1357,1347,1349,1356,1365,1372,1374,1372,1370,1376,1386,1396,1403,1413,1428,1441,1454,1471,1491,1507,1521,1530,1535,1531,1521,1508,1495,1482,1468,1453,1450,1454,1453,1446,1439,1430,1422,1417,1410,1397,1376,1354,1335,1314,1289,1263,1241,1229,1236,1251,1265,1282,1290,1295,1305,1323,1342,1357,1371,1387,1416,1436,1453,1473,1489,1492,1492,1490,1481,1466,1449,1431,1415,1403,1396,1390,1391,1398,1406,1409,1406,1396,1386,1387,1396,1408,1428,1440,1443,1437,1422,1403,1374,1352,1333,1314,1289,1276,1271,1260,1249,1244,1238,1236
1290,1302,1300,1301,1308,1308,1303,1294,1292,1299,1302,1301,1299,1301,1310,1325,1341,1355,1363,1370,1377,1379,1377,1381,1407,1432,1446,1454,1455,1448,1442,1441,1440,1446,1466,1483,1506,1525,1541,1562,1585,1606,1613,1616,1625,1635,1635,1625,1610,1589,1569,1548,1537,1531,1523,1515,1508,1499,1492,1492,1491,1486,1476,1465,1456,1444,1430,1408,1383,1369,1362,1364,1376,1384,1386,1390,1398,1405,1401,1399,1401,1402,1405,1410,1420,1434,1447,1460,1470,1482,1501,1522,1530,1533,1529,1523,1519,1513,1506,1495,1483,1473,1463,1467,1485,1502,1520,1535,1553,1574,1587,1599,1606,1615,1628,1638,1642,1644,1641,1633,1623,1612,1595,1575,1560,1548,1535,1523,1516,1511,1504,1497,1492,1482,1470,1456,1448,1442,1437,1430,1421,1416,1411,1410,1418,1421,1421,1420,1418,1409,1393,1377,1362,1353,1355,1363,1372,1381,1383,1379,1376,1381,1395,1408,1414,1418,1427,1436,1446,1460,1478,1498,1518,1536,1550,1550,1537,1524,1510,1494,1478,1466,1460,1458,1445,1432,1421,1415,1410,1403,1395,1386,1367,1344,1325,1303,1278,1257,1240,1236,1250,1268,1283,1297,1308,1315,1320,1327,1340,1353,1368,1387,1416,1438,1458,1479,1497,1504,1502,1497,1485,1464,1445,1429,1416,1407,1407,1407,1410,1420,1424,1426,1423,1414,1405,1406,1414,1428,1443,1451,1453,1441,1425,1405,1377,1356,1341,1328,1311,1299,1292,1283,1271,1260,1257,1252
1267,1273,1283,1286,1290,1292,1289,1283,1278,1283,1285,1287,1292,1301,1311,1320,1329,1338,1344,1350,1357,1364,1370,1389,1419,1430,1436,1435,1434,1433,1435,1436,1442,1449,1463,1481,1504,1524,1544,1566,1587,1600,1601,1605,1616,1625,1626,1618,1608,1594,1578,1560,1549,1547,1542,1534,1523,1512,1504,1500,1499,1494,1485,1470,1456,1443,1428,1408,1385,1371,1361,1359,1367,1375,1381,1388,1397,1402,1396,1389,1390,1400,1409,1419,1429,1439,1449,1458,1465,1476,1493,1513,1524,1529,1525,1513,1505,1500,1494,1485,1475,1466,1458,1463,1480,1501,1520,1539,1556,1572,1586,1600,1611,1618,1627,1632,1630,1628,1626,1619,1612,1600,1584,1569,1557,1546,1532,1519,1510,1502,1495,1488,1481,1474,1466,1456,1449,1442,1438,1433,1426,1422,1418,1419,1428,1433,1432,1429,1425,1416,1397,1375,1361,1356,1361,1370,1379,1387,1387,1386,1382,1387,1397,1410,1421,1428,1434,1438,1442,1454,1473,1495,1517,1535,1551,1554,1547,1534,1518,1500,1483,1472,1461,1448,1434,1416,1407,1403,1396,1385,1374,1365,1352,1333,1316,1296,1275,1254,1242,1248,1265,1281,1295,1311,1324,1331,1337,1343,1350,1360,1371,1388,1412,1432,1455,1475,1498,1508,1506,1498,1480,1458,1442,1429,1419,1417,1422,1427,1430,1437,1440,1442,1444,1434,1427,1426,1432,1446,1456,1462,1463,1444,1427,1411,1389,1371,1356,1345,1331,1317,1304,1295,1281,1271,1269,1262
1254,1262,1269,1269,1271,1275,1272,1267,1262,1265,1270,1273,1280,1291,1299,1306,1313,1320,1326,1332,1338,1342,1343,1346,1388,1419,1422,1419,1417,1419,1426,1432,1443,1453,1465,1483,1505,1525,1545,1567,1585,1593,1592,1591,1598,1609,1615,1616,1613,1603,1589,1576,1568,1562,1556,1546,1531,1516,1504,1499,1497,1493,1483,1465,1449,1436,1422,1408,1388,1369,1356,1353,1358,1366,1378,1390,1398,1401,1392,1381,1388,1404,1415,1426,1436,1444,1448,1449,1453,1467,1489,1507,1519,1524,1516,1502,1491,1482,1479,1473,1463,1455,1453,1459,1474,1493,1513,1531,1547,1562,1578,1598,1610,1616,1621,1623,1618,1616,1611,1607,1600,1590,1577,1566,1555,1544,1532,1519,1507,1498,1492,1485,1479,1477,1475,1468,1457,1449,1444,1440,1435,1430,1426,1428,1438,1443,1441,1436,1429,1416,1396,1372,1359,1360,1368,1378,1386,1393,1395,1394,1391,1392,1398,1409,1423,1438,1445,1449,1452,1460,1476,1495,1513,1529,1543,1553,1551,1542,1526,1506,1487,1471,1455,1439,1425,1405,1392,1386,1380,1369,1357,1351,1339,1321,1305,1289,1269,1253,1249,1259,1278,1293,1306,1324,1334,1341,1350,1361,1370,1376,1384,1393,1409,1429,1451,1473,1499,1510,1504,1493,1476,1460,1448,1437,1431,1432,1441,1447,1448,1453,1459,1464,1463,1453,1448,1448,1455,1464,1471,1474,1471,1456,1437,1421,1405,1388,1372,1360,1347,1332,1315,1301,1287,1280,1274,1260
1242,1253,1257,1252,1250,1256,1258,1254,1249,1254,1260,1262,1268,1277,1285,1293,1299,1307,1313,1320,1326,1333,1338,1342,1367,1400,1408,1408,1406,1408,1417,1431,1448,1460,1485,1502,1516,1530,1552,1571,1583,1588,1586,1578,1579,1592,1604,1615,1617,1610,1598,1587,1578,1571,1565,1551,1533,1516,1501,1493,1489,1480,1469,1456,1440,1428,1418,1403,1382,1362,1352,1350,1354,1362,1373,1388,1398,1398,1388,1377,1386,1403,1416,1424,1430,1437,1440,1439,1444,1460,1482,1498,1507,1510,1503,1490,1476,1463,1462,1460,1453,1447,1446,1459,1473,1488,1502,1516,1534,1552,1571,1592,1606,1614,1621,1621,1613,1604,1599,1594,1589,1582,1574,1561,1552,1540,1529,1520,1508,1498,1493,1488,1487,1490,1490,1482,1467,1457,1451,1448,1444,1439,1436,1437,1445,1447,1442,1435,1425,1409,1392,1375,1367,1368,1373,1382,1394,1403,1407,1405,1402,1400,1403,1412,1428,1446,1455,1461,1465,1469,1479,1491,1507,1525,1542,1552,1550,1543,1529,1508,1490,1472,1449,1434,1416,1395,1384,1374,1370,1359,1348,1341,1328,1310,1293,1281,1264,1255,1257,1273,1293,1308,1321,1335,1344,1351,1365,1380,1390,1394,1398,1406,1420,1434,1455,1475,1500,1512,1509,1500,1488,1473,1461,1456,1451,1455,1460,1466,1465,1472,1479,1479,1474,1469,1466,1471,1477,1483,1487,1483,1475,1462,1447,1432,1415,1401,1385,1371,1359,1348,1331,1313,1299,1291,1283,1264
1228,1243,1243,1236,1237,1243,1246,1243,1241,1248,1253,1255,1261,1270,1277,1283,1290,1299,1307,1314,1324,1336,1352,1361,1369,1389,1399,1401,1398,1400,1416,1436,1457,1476,1499,1518,1531,1544,1561,1577,1585,1585,1581,1572,1569,1577,1591,1605,1612,1611,1604,1594,1585,1580,1575,1556,1534,1516,1500,1488,1479,1467,1455,1442,1425,1414,1404,1389,1370,1357,1350,1347,1350,1357,1367,1381,1392,1391,1382,1372,1378,1395,1408,1413,1421,1430,1435,1437,1441,1460,1480,1491,1494,1491,1486,1475,1460,1448,1447,1447,1443,1437,1444,1457,1470,1483,1497,1510,1526,1545,1565,1587,1606,1618,1626,1622,1610,1598,1588,1581,1579,1574,1564,1555,1548,1536,1526,1517,1509,1501,1496,1494,1499,1504,1503,1496,1477,1465,1460,1458,1453,1451,1446,1443,1444,1441,1435,1427,1416,1401,1392,1384,1382,1378,1378,1384,1395,1410,1419,1420,1417,1416,1417,1423,1437,1454,1466,1472,1477,1481,1494,1501,1507,1526,1545,1549,1543,1533,1519,1502,1487,1472,1452,1435,1416,1403,1390,1377,1368,1357,1342,1330,1314,1300,1288,1277,1268,1264,1270,1291,1311,1327,1341,1349,1355,1363,1378,1392,1403,1409,1414,1420,1436,1450,1463,1482,1504,1514,1515,1512,1498,1483,1477,1475,1477,1476,1476,1481,1483,1490,1488,1485,1480,1477,1477,1479,1484,1486,1483,1478,1467,1456,1448,1438,1428,1416,1403,1385,1370,1359,1344,1327,1312,1303,1294,1273
1221,1231,1230,1224,1223,1230,1234,1233,1234,1241,1246,1251,1260,1269,1277,1283,1292,1306,1316,1325,1336,1346,1368,1379,1383,1389,1394,1393,1389,1394,1412,1437,1462,1482,1504,1522,1536,1551,1568,1578,1580,1580,1578,1570,1563,1564,1578,1593,1602,1606,1607,1602,1593,1587,1581,1559,1538,1520,1503,1485,1473,1456,1444,1431,1414,1402,1391,1378,1364,1356,1349,1345,1346,1353,1361,1371,1382,1382,1374,1367,1368,1383,1394,1403,1414,1426,1433,1440,1447,1463,1474,1480,1480,1473,1468,1459,1446,1436,1431,1432,1429,1428,1438,1453,1467,1481,1496,1510,1526,1542,1562,1584,1602,1615,1624,1619,1606,1593,1583,1573,1570,1564,1555,1548,1541,1532,1522,1513,1509,1505,1502,1502,1509,1513,1514,1506,1488,1477,1470,1467,1467,1464,1453,1443,1439,1433,1425,1417,1407,1398,1399,1399,1396,1389,1382,1385,1394,1412,1422,1428,1430,1432,1432,1435,1443,1462,1476,1485,1493,1501,1507,1512,1519,1537,1548,1546,1536,1521,1506,1494,1479,1469,1459,1442,1429,1419,1412,1395,1377,1360,1342,1319,1305,1299,1293,1284,1280,1277,1285,1307,1325,1344,1357,1361,1365,1375,1387,1401,1420,1433,1434,1437,1448,1460,1474,1493,1517,1527,1528,1521,1508,1495,1491,1492,1493,1496,1494,1494,1494,1493,1487,1481,1476,1475,1474,1473,1473,1472,1468,1460,1450,1444,1440,1436,1436,1428,1416,1402,1385,1374,1360,1344,1325,1311,1298,1273
1213,1220,1215,1210,1211,1218,1223,1226,1231,1237,1245,1256,1268,1280,1288,1295,1305,1320,1331,1343,1357,1375,1386,1390,1389,1385,1384,1382,1382,1391,1410,1433,1457,1480,1500,1519,1537,1554,1565,1568,1565,1565,1568,1564,1554,1553,1566,1582,1591,1598,1603,1605,1600,1595,1584,1562,1544,1526,1508,1491,1472,1451,1438,1426,1410,1394,1383,1372,1361,1354,1348,1342,1342,1349,1357,1365,1370,1369,1363,1357,1362,1375,1385,1394,1409,1426,1438,1448,1459,1473,1475,1476,1471,1462,1454,1449,1443,1433,1423,1418,1416,1420,1439,1452,1466,1482,1499,1512,1528,1545,1561,1578,1593,1604,1615,1616,1606,1593,1583,1574,1566,1558,1551,1544,1537,1530,1521,1515,1515,1513,1512,1515,1518,1521,1520,1511,1498,1486,1478,1474,1473,1466,1454,1442,1433,1425,1415,1409,1404,1405,1411,1412,1406,1396,1386,1386,1394,1408,1418,1428,1438,1446,1449,1452,1458,1469,1485,1501,1514,1522,1523,1526,1531,1546,1550,1546,1534,1514,1497,1484,1471,1464,1458,1446,1436,1428,1424,1408,1379,1357,1341,1322,1318,1315,1312,1299,1292,1289,1296,1316,1338,1357,1370,1371,1376,1383,1394,1411,1438,1455,1460,1462,1467,1474,1488,1507,1528,1536,1536,1529,1518,1509,1506,1509,1511,1511,1506,1501,1494,1484,1478,1469,1464,1464,1462,1457,1456,1457,1457,1447,1437,1432,1429,1428,1431,1431,1420,1408,1398,1386,1376,1356,1338,1319,1299,1266
1203,1204,1202,1201,1204,1211,1219,1227,1235,1241,1257,1271,1289,1305,1310,1313,1321,1331,1343,1357,1376,1388,1392,1389,1381,1375,1372,1372,1375,1385,1406,1428,1452,1474,1495,1515,1537,1551,1555,1553,1548,1548,1553,1552,1547,1547,1558,1571,1582,1592,1597,1601,1600,1594,1584,1564,1546,1527,1508,1492,1472,1451,1434,1421,1405,1390,1378,1369,1361,1353,1346,1339,1335,1340,1349,1354,1353,1354,1351,1348,1356,1370,1379,1392,1411,1431,1445,1460,1474,1483,1485,1479,1467,1452,1442,1441,1440,1430,1417,1409,1409,1418,1436,1452,1466,1480,1494,1507,1524,1541,1557,1570,1584,1598,1609,1613,1605,1595,1585,1577,1569,1560,1553,1544,1536,1531,1526,1521,1520,1522,1525,1527,1529,1529,1525,1517,1505,1494,1484,1478,1470,1462,1451,1440,1429,1420,1414,1410,1412,1418,1425,1425,1420,1408,1394,1387,1392,1402,1411,1421,1435,1450,1460,1467,1473,1480,1494,1512,1529,1535,1539,1543,1549,1554,1554,1547,1534,1512,1492,1479,1467,1458,1453,1445,1434,1426,1420,1404,1376,1353,1338,1335,1337,1335,1328,1312,1297,1294,1303,1323,1345,1367,1384,1388,1387,1391,1401,1418,1440,1461,1477,1482,1485,1493,1506,1520,1537,1544,1545,1541,1531,1524,1523,1525,1523,1516,1505,1495,1482,1468,1459,1450,1446,1444,1442,1441,1442,1444,1446,1437,1421,1415,1413,1414,1419,1420,1413,1406,1398,1386,1373,1357,1340,1321,1303,1274
1192,1188,1189,1194,1200,1210,1222,1238,1251,1262,1278,1292,1307,1324,1332,1335,1342,1350,1357,1370,1386,1392,1389,1380,1370,1366,1366,1367,1372,1384,1403,1422,1444,1468,1491,1509,1526,1540,1546,1544,1540,1537,1539,1539,1538,1541,1548,1559,1571,1583,1589,1593,1588,1584,1578,1561,1545,1527,1506,1488,1471,1443,1424,1412,1397,1383,1374,1367,1360,1354,1347,1337,1332,1332,1336,1338,1341,1343,1344,1345,1352,1364,1377,1399,1424,1437,1452,1465,1478,1488,1488,1473,1459,1443,1429,1425,1426,1424,1411,1402,1404,1416,1432,1445,1459,1474,1486,1498,1515,1531,1545,1561,1577,1593,1607,1611,1605,1597,1589,1580,1571,1562,1555,1546,1538,1534,1532,1527,1527,1529,1535,1540,1540,1534,1528,1518,1506,1497,1487,1477,1465,1455,1445,1436,1427,1425,1423,1422,1424,1432,1438,1441,1439,1429,1413,1399,1395,1399,1408,1418,1431,1447,1464,1478,1488,1496,1505,1522,1537,1544,1550,1558,1562,1561,1557,1549,1535,1517,1497,1485,1472,1461,1449,1439,1427,1418,1408,1389,1368,1348,1340,1346,1350,1345,1333,1313,1299,1299,1309,1330,1351,1375,1397,1402,1400,1401,1409,1424,1444,1464,1481,1491,1498,1506,1520,1536,1552,1560,1558,1556,1550,1544,1542,1536,1526,1511,1495,1480,1467,1453,1442,1433,1427,1421,1420,1422,1425,1427,1430,1420,1404,1398,1394,1396,1403,1406,1404,1400,1391,1377,1364,1352,1340,1324,1307,1284
1183,1177,1180,1190,1203,1215,1232,1252,1270,1280,1295,1311,1326,1342,1349,1356,1362,1370,1375,1378,1388,1390,1377,1365,1357,1359,1363,1367,1376,1390,1402,1416,1441,1464,1485,1499,1512,1527,1533,1536,1533,1528,1524,1528,1529,1532,1539,1550,1561,1573,1582,1577,1574,1570,1564,1552,1540,1526,1507,1487,1464,1436,1416,1403,1388,1377,1370,1364,1358,1353,1348,1340,1330,1324,1324,1327,1333,1339,1344,1352,1359,1367,1380,1404,1429,1446,1459,1471,1482,1490,1480,1465,1453,1437,1420,1415,1413,1408,1398,1394,1401,1413,1427,1437,1450,1464,1477,1489,1506,1521,1534,1548,1569,1590,1605,1611,1609,1601,1593,1581,1572,1564,1558,1549,1543,1538,1538,1536,1535,1538,1545,1548,1544,1536,1527,1515,1505,1495,1487,1476,1464,1454,1444,1433,1428,1430,1432,1433,1438,1444,1449,1453,1453,1446,1432,1416,1406,1404,1411,1421,1432,1447,1463,1479,1493,1502,1513,1533,1548,1557,1565,1564,1561,1558,1552,1544,1535,1524,1512,1498,1485,1468,1445,1430,1420,1410,1397,1376,1360,1349,1349,1356,1356,1348,1332,1311,1301,1304,1315,1336,1360,1384,1406,1417,1417,1417,1421,1430,1446,1467,1484,1500,1513,1523,1539,1556,1574,1578,1574,1571,1564,1555,1548,1538,1523,1503,1486,1470,1456,1442,1433,1423,1413,1405,1398,1399,1402,1405,1407,1399,1390,1385,1376,1377,1384,1389,1394,1391,1380,1367,1355,1345,1337,1324,1307,1283
1173,1172,1177,1191,1209,1222,1238,1256,1272,1287,1301,1313,1326,1342,1352,1362,1368,1372,1377,1383,1384,1376,1363,1352,1348,1353,1362,1373,1386,1398,1408,1423,1441,1458,1479,1492,1503,1513,1519,1521,1516,1509,1512,1518,1521,1524,1534,1542,1547,1557,1566,1570,1563,1555,1549,1539,1530,1522,1507,1485,1463,1439,1422,1410,1391,1376,1365,1359,1354,1351,1347,1339,1327,1320,1318,1321,1326,1334,1347,1362,1370,1376,1386,1406,1428,1447,1460,1473,1486,1491,1478,1458,1445,1430,1416,1407,1398,1390,1386,1391,1399,1409,1423,1436,1447,1458,1469,1483,1502,1520,1535,1548,1566,1588,1608,1616,1614,1606,1596,1583,1574,1568,1563,1557,1551,1547,1546,1545,1546,1550,1553,1552,1547,1538,1527,1515,1504,1493,1482,1472,1463,1454,1444,1435,1429,1432,1438,1443,1448,1454,1459,1462,1464,1458,1443,1427,1414,1409,1414,1425,1436,1451,1466,1479,1492,1506,1527,1556,1567,1575,1573,1562,1552,1546,1539,1534,1528,1522,1517,1502,1487,1467,1445,1429,1416,1403,1388,1369,1363,1363,1364,1366,1358,1344,1327,1307,1304,1309,1321,1346,1372,1391,1413,1430,1434,1438,1441,1443,1455,1473,1489,1505,1523,1537,1554,1573,1588,1591,1584,1577,1567,1554,1543,1532,1516,1494,1479,1461,1448,1437,1429,1416,1402,1392,1381,1378,1380,1384,1384,1379,1375,1365,1362,1365,1373,1377,1380,1378,1369,1356,1344,1336,1329,1314,1291,1270
1166,1169,1178,1194,1210,1223,1237,1252,1267,1285,1299,1312,1325,1337,1345,1354,1361,1369,1377,1384,1378,1357,1347,1340,1340,1350,1364,1377,1390,1402,1415,1429,1444,1461,1480,1493,1501,1506,1505,1504,1500,1497,1502,1509,1514,1521,1529,1535,1537,1543,1555,1562,1555,1547,1537,1525,1521,1515,1501,1478,1458,1438,1428,1419,1401,1380,1364,1356,1353,1349,1344,1335,1325,1316,1312,1314,1320,1329,1343,1365,1381,1390,1399,1408,1425,1446,1460,1472,1484,1490,1474,1449,1432,1421,1415,1405,1391,1382,1379,1385,1394,1412,1446,1453,1462,1468,1475,1487,1504,1526,1544,1556,1570,1591,1611,1620,1619,1610,1599,1589,1584,1580,1575,1568,1562,1557,1555,1555,1557,1563,1565,1558,1549,1540,1528,1515,1501,1490,1478,1469,1460,1453,1446,1439,1434,1438,1446,1452,1456,1462,1466,1471,1473,1467,1452,1436,1424,1413,1416,1427,1443,1461,1475,1484,1494,1512,1543,1566,1577,1581,1572,1558,1543,1532,1523,1518,1513,1509,1502,1489,1476,1460,1447,1432,1417,1401,1387,1377,1378,1381,1378,1370,1359,1343,1324,1308,1311,1319,1333,1355,1377,1399,1421,1438,1448,1454,1458,1462,1473,1486,1495,1510,1532,1548,1565,1582,1599,1597,1587,1576,1563,1546,1534,1522,1505,1486,1473,1456,1443,1431,1422,1408,1394,1382,1368,1362,1361,1363,1363,1361,1352,1346,1346,1352,1362,1368,1370,1367,1357,1345,1331,1323,1311,1293,1277,1257
1164,1177,1191,1203,1212,1224,1235,1246,1264,1279,1292,1305,1317,1325,1334,1344,1353,1364,1374,1378,1366,1346,1335,1329,1332,1345,1359,1375,1389,1401,1415,1429,1447,1469,1488,1497,1501,1498,1491,1489,1489,1489,1494,1501,1510,1518,1523,1527,1528,1531,1541,1550,1549,1542,1529,1517,1511,1503,1490,1469,1450,1433,1423,1417,1400,1381,1365,1357,1352,1348,1340,1331,1320,1312,1308,1309,1315,1327,1348,1373,1391,1405,1413,1418,1429,1444,1457,1469,1480,1480,1465,1443,1424,1412,1406,1397,1388,1376,1370,1375,1390,1429,1456,1467,1477,1483,1491,1503,1517,1533,1552,1567,1582,1600,1616,1625,1624,1615,1603,1595,1594,1594,1591,1587,1579,1574,1571,1569,1570,1575,1573,1561,1544,1532,1523,1509,1497,1487,1477,1470,1463,1456,1451,1448,1447,1455,1461,1463,1464,1468,1472,1476,1481,1474,1461,1446,1432,1420,1421,1433,1449,1467,1481,1492,1504,1520,1550,1570,1582,1587,1573,1556,1537,1524,1511,1502,1495,1491,1485,1475,1464,1450,1443,1430,1416,1402,1396,1392,1394,1394,1387,1369,1356,1342,1327,1310,1316,1328,1343,1363,1382,1404,1426,1446,1461,1470,1476,1481,1493,1502,1507,1521,1543,1560,1575,1588,1603,1599,1583,1569,1555,1538,1523,1511,1491,1474,1466,1453,1436,1419,1407,1395,1383,1369,1357,1347,1341,1342,1343,1341,1336,1331,1330,1338,1350,1361,1364,1360,1352,1341,1327,1313,1296,1279,1268,1250
1168,1187,1202,1213,1224,1231,1240,1253,1268,1278,1286,1292,1299,1311,1323,1335,1346,1357,1372,1376,1365,1341,1328,1322,1328,1340,1353,1367,1382,1397,1411,1426,1447,1470,1487,1494,1494,1487,1479,1476,1475,1477,1486,1500,1512,1519,1520,1515,1512,1515,1523,1535,1541,1540,1531,1518,1504,1491,1475,1459,1445,1426,1412,1404,1390,1376,1362,1355,1353,1347,1338,1330,1320,1313,1308,1307,1313,1325,1344,1368,1389,1405,1415,1422,1427,1441,1457,1466,1468,1461,1449,1435,1417,1402,1391,1381,1374,1367,1368,1373,1381,1416,1456,1474,1486,1498,1509,1519,1530,1543,1563,1577,1592,1611,1623,1631,1628,1619,1610,1602,1602,1605,1604,1600,1595,1592,1588,1583,1581,1581,1573,1557,1538,1525,1514,1504,1498,1491,1482,1476,1467,1461,1457,1458,1461,1468,1472,1472,1473,1477,1479,1482,1485,1482,1469,1450,1434,1420,1418,1429,1445,1464,1481,1498,1516,1538,1565,1580,1589,1587,1573,1557,1538,1523,1502,1489,1482,1474,1469,1463,1453,1441,1436,1425,1416,1410,1410,1409,1408,1405,1392,1371,1356,1345,1335,1318,1321,1333,1349,1370,1386,1407,1431,1450,1469,1486,1495,1501,1510,1518,1524,1533,1552,1571,1585,1598,1609,1604,1585,1568,1550,1527,1511,1496,1478,1464,1458,1448,1429,1410,1393,1383,1373,1356,1343,1331,1322,1323,1326,1328,1322,1317,1316,1323,1335,1348,1352,1348,1344,1340,1324,1313,1293,1273,1261,1244
1167,1186,1205,1222,1234,1241,1250,1263,1271,1276,1278,1279,1285,1299,1312,1324,1337,1355,1370,1373,1358,1333,1317,1313,1319,1331,1343,1354,1375,1395,1406,1419,1441,1464,1478,1484,1483,1475,1464,1461,1464,1471,1483,1499,1511,1518,1516,1503,1492,1495,1506,1522,1530,1533,1530,1520,1503,1484,1463,1452,1440,1419,1400,1389,1377,1364,1354,1351,1349,1344,1336,1326,1318,1310,1304,1305,1312,1324,1340,1357,1376,1393,1408,1418,1424,1438,1454,1460,1454,1441,1431,1422,1409,1394,1381,1369,1361,1359,1364,1370,1386,1421,1455,1473,1486,1500,1513,1523,1533,1548,1569,1586,1601,1616,1630,1636,1634,1626,1618,1613,1615,1617,1614,1609,1606,1604,1599,1589,1584,1580,1570,1557,1539,1526,1515,1507,1504,1500,1491,1480,1470,1464,1461,1464,1469,1475,1479,1479,1482,1485,1486,1486,1487,1481,1465,1447,1431,1420,1419,1427,1442,1460,1478,1499,1522,1548,1575,1589,1593,1589,1574,1558,1541,1525,1503,1484,1474,1466,1460,1458,1450,1441,1436,1430,1424,1424,1426,1427,1425,1418,1402,1382,1367,1356,1344,1326,1325,1335,1356,1378,1389,1404,1425,1451,1476,1495,1506,1517,1531,1536,1541,1546,1561,1581,1600,1610,1621,1619,1606,1585,1558,1532,1516,1494,1483,1461,1452,1444,1428,1408,1392,1378,1368,1354,1335,1324,1317,1312,1313,1312,1305,1302,1298,1302,1312,1324,1330,1328,1329,1327,1321,1311,1291,1271,1253,1235
1170,1188,1209,1224,1234,1245,1256,1262,1262,1264,1266,1269,1276,1290,1308,1321,1332,1351,1364,1365,1351,1329,1311,1304,1308,1317,1329,1343,1369,1390,1403,1418,1437,1456,1469,1470,1467,1460,1452,1454,1465,1474,1485,1496,1505,1509,1504,1491,1477,1480,1492,1505,1510,1516,1518,1511,1500,1482,1454,1444,1437,1415,1390,1374,1364,1351,1344,1341,1339,1338,1331,1322,1313,1303,1298,1302,1308,1320,1329,1341,1360,1381,1397,1410,1423,1439,1453,1454,1447,1430,1418,1406,1393,1382,1371,1357,1351,1351,1355,1369,1390,1419,1444,1462,1478,1490,1501,1515,1529,1546,1567,1586,1603,1619,1633,1643,1642,1635,1628,1626,1627,1625,1623,1621,1619,1616,1608,1595,1586,1579,1568,1557,1543,1532,1526,1520,1514,1505,1493,1483,1473,1467,1466,1471,1480,1485,1488,1488,1491,1491,1491,1491,1488,1475,1457,1444,1434,1423,1420,1428,1441,1459,1478,1502,1527,1554,1576,1589,1593,1589,1573,1558,1543,1528,1506,1486,1476,1471,1468,1466,1461,1452,1444,1438,1435,1436,1441,1438,1432,1419,1404,1389,1375,1362,1348,1333,1330,1341,1369,1386,1397,1411,1428,1451,1478,1497,1511,1529,1549,1556,1560,1563,1573,1590,1608,1620,1630,1634,1626,1609,1577,1556,1540,1520,1507,1467,1450,1441,1424,1408,1394,1380,1370,1359,1343,1334,1324,1308,1301,1294,1286,1280,1280,1282,1287,1296,1305,1308,1311,1309,1310,1303,1289,1274,1249,1228
1180,1199,1213,1216,1220,1234,1247,1250,1248,1247,1254,1261,1266,1284,1309,1320,1331,1345,1351,1349,1343,1327,1309,1298,1299,1308,1323,1337,1355,1383,1399,1416,1436,1456,1463,1461,1456,1449,1443,1450,1465,1476,1487,1494,1498,1498,1489,1475,1466,1471,1479,1487,1495,1502,1508,1503,1497,1481,1455,1439,1432,1409,1383,1373,1358,1347,1334,1331,1329,1330,1326,1320,1309,1294,1291,1296,1305,1314,1322,1333,1350,1365,1380,1401,1419,1436,1447,1448,1443,1427,1410,1391,1378,1369,1358,1348,1345,1345,1356,1373,1391,1408,1428,1448,1470,1483,1493,1506,1522,1541,1560,1579,1600,1620,1636,1644,1646,1642,1637,1635,1635,1633,1636,1637,1634,1628,1616,1605,1593,1581,1570,1560,1549,1543,1540,1535,1525,1510,1496,1486,1477,1473,1475,1482,1490,1497,1498,1500,1502,1501,1498,1494,1485,1470,1456,1446,1437,1426,1423,1430,1442,1458,1479,1500,1523,1549,1572,1584,1590,1587,1573,1560,1545,1529,1509,1495,1489,1486,1484,1483,1477,1468,1459,1453,1447,1445,1442,1436,1424,1408,1397,1386,1370,1357,1343,1334,1339,1352,1374,1396,1411,1427,1442,1458,1478,1496,1510,1531,1551,1563,1571,1578,1587,1602,1617,1629,1638,1643,1640,1621,1589,1564,1550,1535,1518,1488,1460,1445,1426,1414,1405,1392,1383,1370,1357,1347,1334,1312,1293,1278,1268,1263,1265,1269,1270,1274,1285,1288,1290,1291,1295,1294,1288,1275,1252,1230
1190,1206,1207,1207,1210,1218,1226,1231,1229,1233,1244,1253,1258,1276,1301,1315,1322,1325,1327,1330,1334,1322,1305,1293,1293,1302,1320,1334,1353,1374,1392,1409,1429,1450,1456,1453,1448,1441,1437,1444,1458,1473,1485,1489,1487,1481,1469,1457,1452,1457,1463,1471,1481,1487,1491,1498,1500,1487,1465,1449,1434,1417,1396,1386,1370,1354,1336,1324,1321,1319,1320,1314,1301,1288,1286,1292,1297,1305,1316,1329,1342,1355,1363,1375,1402,1428,1436,1435,1431,1422,1401,1380,1369,1359,1346,1339,1339,1345,1356,1371,1386,1401,1417,1437,1460,1476,1488,1499,1518,1535,1556,1577,1601,1622,1637,1646,1649,1649,1646,1647,1647,1646,1646,1644,1641,1633,1622,1610,1598,1584,1574,1565,1558,1553,1548,1541,1529,1515,1499,1488,1480,1479,1484,1491,1498,1505,1506,1509,1510,1507,1501,1492,1480,1466,1458,1453,1445,1431,1425,1429,1442,1460,1477,1494,1516,1544,1563,1577,1587,1587,1578,1564,1550,1535,1517,1509,1504,1501,1500,1499,1495,1486,1477,1466,1457,1448,1436,1422,1406,1393,1383,1372,1361,1351,1340,1332,1339,1355,1376,1396,1414,1430,1444,1462,1482,1497,1509,1525,1551,1570,1581,1591,1604,1618,1630,1639,1648,1651,1646,1623,1593,1572,1555,1541,1526,1508,1486,1459,1438,1425,1416,1404,1391,1380,1371,1359,1344,1322,1297,1279,1268,1262,1260,1258,1255,1259,1268,1270,1267,1269,1278,1281,1280,1270,1248,1235
1191,1199,1202,1203,1204,1204,1209,1214,1216,1224,1238,1250,1252,1268,1286,1299,1306,1306,1308,1317,1323,1313,1299,1288,1283,1293,1314,1331,1349,1367,1385,1403,1423,1439,1445,1444,1438,1433,1433,1442,1454,1471,1482,1485,1478,1469,1457,1446,1441,1446,1451,1456,1461,1465,1473,1486,1493,1489,1474,1457,1446,1431,1415,1401,1387,1366,1346,1329,1315,1311,1309,1305,1293,1280,1279,1283,1291,1298,1310,1324,1335,1346,1355,1371,1392,1412,1421,1420,1415,1406,1388,1370,1360,1349,1336,1332,1335,1339,1353,1368,1384,1399,1413,1427,1446,1464,1481,1499,1517,1535,1560,1584,1605,1625,1639,1649,1659,1665,1664,1661,1658,1656,1654,1650,1647,1640,1630,1618,1606,1591,1580,1572,1566,1558,1550,1539,1528,1515,1502,1491,1483,1485,1491,1499,1506,1512,1515,1516,1514,1509,1499,1488,1476,1468,1464,1461,1454,1438,1428,1430,1443,1461,1478,1495,1517,1541,1558,1574,1586,1590,1583,1569,1555,1539,1525,1519,1515,1511,1512,1512,1507,1500,1489,1476,1464,1451,1431,1409,1395,1385,1374,1364,1359,1351,1340,1331,1336,1351,1372,1392,1411,1427,1442,1460,1480,1498,1510,1525,1555,1578,1595,1610,1625,1642,1652,1657,1660,1657,1642,1619,1601,1583,1568,1558,1545,1533,1518,1483,1453,1434,1425,1412,1401,1393,1386,1373,1356,1339,1314,1295,1281,1273,1263,1250,1244,1246,1253,1252,1249,1250,1259,1260,1262,1256,1239,1230
1194,1199,1199,1199,1195,1192,1195,1202,1209,1221,1234,1241,1246,1257,1273,1285,1291,1293,1296,1305,1307,1299,1288,1280,1280,1291,1314,1332,1346,1363,1381,1396,1408,1418,1429,1433,1429,1426,1430,1442,1456,1473,1483,1479,1472,1464,1450,1437,1431,1432,1440,1441,1442,1448,1458,1473,1481,1483,1474,1463,1453,1440,1427,1414,1396,1377,1356,1337,1319,1308,1301,1295,1284,1274,1271,1279,1291,1299,1311,1323,1331,1344,1355,1367,1382,1398,1408,1407,1399,1389,1374,1358,1348,1335,1326,1328,1332,1336,1352,1368,1384,1395,1407,1423,1443,1459,1478,1499,1521,1537,1567,1590,1606,1621,1636,1648,1664,1673,1674,1670,1670,1671,1668,1662,1657,1649,1639,1625,1612,1597,1585,1576,1567,1557,1548,1536,1525,1515,1506,1497,1491,1496,1504,1510,1516,1523,1524,1522,1515,1508,1498,1490,1482,1475,1468,1463,1455,1445,1437,1436,1443,1461,1477,1496,1518,1542,1560,1577,1587,1590,1584,1572,1558,1543,1532,1530,1527,1524,1523,1523,1518,1510,1497,1483,1470,1456,1435,1411,1398,1385,1374,1371,1367,1360,1347,1333,1335,1347,1367,1387,1409,1424,1437,1455,1475,1494,1513,1532,1557,1583,1604,1620,1639,1656,1669,1672,1670,1659,1636,1614,1603,1595,1585,1577,1565,1557,1544,1512,1470,1447,1437,1428,1419,1409,1401,1388,1371,1353,1335,1313,1298,1285,1269,1253,1242,1237,1239,1235,1234,1234,1234,1232,1238,1236,1227,1216
1188,1192,1191,1190,1186,1182,1184,1192,1206,1217,1227,1238,1243,1252,1263,1272,1278,1283,1288,1291,1291,1284,1276,1276,1281,1293,1310,1324,1337,1354,1372,1384,1394,1403,1411,1417,1419,1419,1427,1440,1456,1472,1479,1474,1466,1457,1444,1431,1422,1421,1426,1426,1427,1433,1442,1453,1464,1466,1463,1461,1457,1448,1438,1424,1403,1379,1360,1344,1328,1316,1304,1293,1281,1273,1269,1275,1287,1298,1309,1314,1322,1336,1348,1359,1372,1393,1402,1395,1382,1368,1357,1343,1333,1324,1321,1328,1335,1340,1353,1375,1396,1404,1416,1437,1459,1472,1487,1508,1526,1542,1565,1588,1606,1620,1629,1639,1655,1670,1676,1677,1679,1681,1678,1674,1667,1657,1644,1629,1616,1602,1589,1577,1563,1555,1546,1535,1525,1517,1510,1504,1505,1511,1517,1521,1526,1531,1529,1524,1514,1508,1501,1497,1493,1487,1479,1470,1462,1456,1450,1444,1446,1459,1475,1493,1517,1540,1560,1576,1586,1590,1587,1577,1562,1551,1543,1543,1540,1537,1534,1532,1527,1521,1506,1487,1473,1460,1442,1423,1407,1392,1385,1383,1378,1373,1359,1340,1338,1347,1363,1386,1406,1420,1433,1450,1470,1493,1517,1538,1561,1578,1600,1619,1643,1663,1678,1684,1682,1670,1652,1620,1611,1605,1598,1593,1582,1570,1550,1521,1489,1461,1455,1445,1438,1427,1416,1403,1386,1365,1350,1332,1316,1297,1282,1269,1252,1238,1226,1225,1221,1216,1212,1211,1216,1214,1207,1198
1174,1179,1178,1177,1177,1177,1182,1193,1209,1222,1226,1231,1234,1239,1246,1256,1267,1276,1279,1280,1278,1271,1265,1267,1274,1287,1301,1313,1330,1346,1359,1370,1381,1390,1397,1400,1403,1410,1430,1447,1461,1472,1476,1472,1464,1455,1443,1430,1416,1408,1408,1408,1410,1416,1427,1437,1444,1450,1451,1452,1451,1445,1438,1428,1405,1380,1362,1347,1333,1321,1310,1294,1279,1271,1268,1272,1281,1290,1296,1299,1302,1317,1333,1351,1371,1391,1388,1381,1369,1353,1341,1330,1321,1315,1317,1328,1340,1346,1373,1399,1415,1419,1432,1453,1474,1489,1501,1514,1528,1540,1557,1572,1591,1609,1623,1632,1646,1661,1672,1679,1685,1687,1685,1678,1669,1656,1641,1627,1614,1603,1591,1577,1563,1558,1552,1542,1531,1522,1515,1512,1516,1524,1530,1532,1536,1538,1533,1525,1515,1512,1508,1506,1505,1501,1492,1479,1471,1465,1459,1452,1453,1466,1479,1496,1517,1537,1554,1572,1583,1590,1592,1584,1572,1563,1557,1554,1553,1550,1546,1541,1536,1530,1513,1490,1479,1467,1449,1428,1416,1406,1400,1391,1386,1378,1365,1349,1347,1351,1362,1382,1399,1415,1431,1447,1465,1489,1516,1537,1556,1576,1599,1620,1644,1665,1680,1690,1690,1681,1669,1646,1633,1625,1611,1600,1584,1570,1547,1523,1505,1485,1472,1456,1447,1436,1422,1408,1392,1372,1357,1343,1329,1307,1290,1278,1265,1250,1227,1222,1212,1201,1196,1196,1194,1187,1180,1177
1161,1166,1166,1164,1166,1171,1180,1192,1207,1216,1217,1216,1218,1222,1228,1240,1251,1255,1259,1263,1260,1256,1257,1262,1272,1283,1297,1309,1323,1332,1342,1356,1367,1376,1384,1389,1396,1407,1432,1453,1467,1477,1480,1477,1471,1463,1451,1431,1412,1399,1395,1389,1390,1398,1412,1422,1429,1433,1433,1435,1437,1432,1428,1422,1402,1381,1362,1344,1326,1314,1304,1289,1274,1266,1261,1264,1273,1282,1285,1287,1290,1305,1325,1349,1380,1392,1385,1377,1366,1351,1333,1320,1309,1307,1315,1328,1339,1353,1386,1413,1424,1435,1447,1456,1471,1488,1505,1515,1523,1536,1551,1563,1575,1590,1607,1622,1636,1651,1665,1678,1690,1692,1688,1680,1668,1651,1637,1625,1611,1601,1592,1581,1573,1568,1562,1554,1543,1532,1525,1523,1527,1538,1546,1548,1547,1546,1538,1531,1528,1527,1522,1517,1516,1512,1502,1489,1478,1468,1462,1457,1461,1472,1486,1501,1518,1536,1550,1567,1582,1592,1594,1587,1579,1575,1573,1571,1566,1561,1555,1549,1543,1533,1515,1496,1480,1468,1450,1432,1423,1421,1413,1403,1396,1387,1373,1368,1363,1359,1365,1379,1396,1415,1432,1448,1467,1489,1511,1530,1550,1572,1597,1619,1645,1663,1678,1688,1687,1677,1666,1653,1644,1634,1615,1599,1583,1569,1549,1526,1507,1487,1471,1457,1447,1433,1417,1404,1390,1372,1355,1340,1330,1305,1289,1279,1269,1255,1232,1224,1209,1197,1188,1183,1178,1168,1161,1159
1147,1151,1152,1153,1156,1168,1181,1189,1196,1200,1199,1198,1200,1206,1214,1222,1228,1231,1239,1244,1246,1249,1256,1262,1272,1284,1297,1307,1317,1324,1333,1344,1356,1367,1375,1384,1394,1406,1432,1453,1468,1477,1484,1484,1478,1469,1458,1439,1418,1402,1391,1378,1376,1382,1393,1406,1415,1414,1413,1413,1418,1419,1418,1415,1399,1380,1362,1339,1320,1307,1295,1284,1273,1261,1255,1256,1265,1276,1280,1279,1286,1306,1322,1338,1363,1381,1380,1374,1364,1347,1326,1309,1301,1301,1308,1323,1340,1357,1386,1411,1424,1437,1447,1453,1461,1468,1482,1498,1507,1519,1536,1550,1562,1573,1589,1607,1624,1646,1663,1678,1689,1690,1687,1679,1666,1649,1634,1623,1611,1600,1594,1590,1585,1580,1576,1567,1555,1542,1534,1531,1539,1550,1557,1560,1559,1556,1550,1545,1546,1545,1537,1533,1529,1521,1510,1493,1478,1467,1464,1462,1465,1479,1491,1501,1517,1537,1549,1566,1586,1599,1599,1593,1589,1588,1589,1585,1577,1569,1559,1551,1543,1531,1514,1494,1477,1466,1452,1441,1439,1437,1430,1416,1408,1396,1382,1374,1368,1368,1375,1385,1400,1419,1436,1452,1468,1488,1507,1526,1548,1570,1594,1620,1645,1659,1673,1683,1678,1666,1657,1647,1637,1624,1610,1594,1580,1568,1547,1526,1506,1485,1468,1453,1440,1423,1403,1393,1382,1361,1339,1322,1305,1290,1279,1272,1264,1249,1231,1220,1209,1198,1186,1173,1165,1156,1151,1151
1133,1137,1141,1145,1149,1160,1172,1178,1182,1186,1185,1186,1189,1197,1205,1211,1216,1223,1229,1236,1243,1255,1265,1272,1282,1294,1306,1313,1320,1327,1334,1340,1350,1362,1373,1383,1397,1413,1433,1451,1467,1480,1491,1493,1487,1476,1468,1450,1432,1419,1399,1376,1368,1372,1379,1388,1396,1396,1394,1395,1400,1404,1409,1408,1396,1377,1358,1336,1321,1309,1298,1287,1276,1264,1253,1249,1256,1268,1274,1275,1282,1297,1316,1339,1361,1373,1376,1370,1358,1341,1321,1301,1294,1298,1308,1322,1336,1352,1383,1408,1422,1434,1443,1444,1448,1451,1456,1469,1487,1500,1516,1533,1546,1557,1572,1589,1615,1639,1657,1673,1684,1686,1684,1678,1667,1652,1637,1624,1614,1605,1599,1596,1595,1590,1583,1574,1560,1547,1540,1539,1549,1559,1566,1568,1569,1568,1566,1561,1557,1551,1545,1544,1540,1526,1509,1492,1477,1469,1469,1472,1476,1489,1498,1505,1519,1538,1552,1571,1592,1607,1610,1604,1600,1596,1592,1589,1582,1570,1561,1551,1539,1525,1508,1492,1476,1465,1458,1457,1460,1453,1442,1429,1418,1406,1390,1378,1372,1375,1383,1392,1403,1421,1436,1454,1472,1490,1507,1524,1547,1567,1588,1615,1641,1658,1671,1676,1671,1659,1651,1640,1623,1605,1596,1589,1576,1553,1535,1517,1499,1481,1464,1447,1432,1409,1390,1378,1365,1342,1319,1299,1284,1277,1270,1265,1255,1239,1223,1217,1208,1199,1188,1176,1167,1163,1158,1159
1121,1126,1132,1138,1142,1147,1157,1164,1172,1176,1178,1180,1186,1196,1202,1206,1212,1220,1228,1241,1253,1266,1277,1285,1295,1306,1317,1323,1330,1339,1345,1351,1359,1371,1380,1392,1408,1421,1436,1450,1467,1484,1499,1502,1496,1486,1477,1461,1445,1430,1410,1380,1366,1361,1362,1369,1376,1380,1381,1381,1383,1391,1399,1405,1395,1377,1360,1344,1334,1324,1312,1302,1286,1271,1259,1250,1246,1253,1259,1266,1274,1292,1320,1339,1354,1371,1375,1364,1352,1331,1309,1294,1292,1301,1314,1321,1332,1352,1380,1403,1417,1427,1432,1433,1434,1438,1446,1457,1473,1484,1501,1520,1533,1546,1562,1581,1603,1627,1642,1658,1671,1678,1680,1679,1671,1661,1647,1633,1622,1614,1607,1605,1603,1597,1589,1578,1564,1553,1546,1547,1555,1564,1572,1576,1578,1582,1581,1574,1563,1557,1553,1552,1544,1527,1509,1490,1478,1475,1481,1487,1493,1505,1512,1517,1527,1539,1553,1572,1592,1606,1615,1614,1607,1598,1591,1588,1582,1573,1564,1553,1536,1521,1506,1492,1478,1472,1470,1475,1475,1467,1455,1441,1431,1421,1404,1382,1375,1375,1382,1393,1405,1420,1436,1454,1477,1492,1504,1524,1550,1567,1589,1619,1646,1666,1678,1679,1672,1658,1646,1630,1611,1595,1587,1585,1568,1534,1512,1499,1491,1472,1453,1439,1423,1402,1381,1365,1347,1328,1309,1292,1281,1272,1267,1260,1250,1234,1221,1220,1213,1202,1196,1190,1183,1177,1175,1176
1113,1119,1126,1132,1137,1141,1145,1152,1166,1172,1175,1187,1196,1204,1209,1215,1222,1227,1237,1252,1264,1279,1290,1298,1308,1321,1329,1335,1347,1357,1365,1370,1377,1384,1389,1400,1415,1429,1440,1450,1466,1486,1500,1504,1501,1492,1479,1467,1452,1435,1416,1389,1368,1355,1351,1353,1359,1363,1364,1367,1372,1379,1390,1399,1391,1379,1365,1352,1341,1332,1322,1314,1299,1283,1270,1255,1244,1244,1251,1260,1271,1294,1316,1335,1350,1361,1364,1360,1348,1323,1300,1290,1293,1306,1313,1317,1330,1350,1370,1389,1403,1413,1418,1421,1425,1429,1437,1446,1455,1465,1485,1510,1525,1543,1564,1581,1596,1612,1624,1638,1653,1666,1677,1679,1675,1668,1658,1645,1635,1627,1620,1615,1611,1604,1594,1584,1570,1558,1551,1553,1557,1568,1580,1588,1593,1596,1591,1580,1569,1563,1560,1557,1546,1526,1508,1492,1483,1484,1490,1496,1505,1517,1525,1528,1530,1540,1555,1572,1588,1604,1617,1618,1608,1598,1591,1588,1583,1576,1568,1559,1543,1525,1511,1499,1491,1485,1483,1486,1488,1480,1468,1453,1442,1427,1409,1384,1377,1378,1382,1393,1405,1418,1434,1455,1477,1492,1506,1528,1550,1566,1590,1622,1652,1670,1684,1685,1674,1659,1644,1623,1606,1597,1578,1571,1553,1523,1501,1490,1485,1464,1448,1434,1415,1394,1374,1356,1337,1322,1310,1300,1292,1284,1275,1269,1262,1247,1234,1229,1225,1219,1210,1202,1195,1190,1187,1191
1119,1124,1130,1134,1137,1141,1142,1148,1163,1181,1191,1199,1207,1216,1225,1232,1236,1238,1246,1260,1274,1292,1305,1315,1324,1332,1340,1350,1365,1377,1383,1388,1390,1396,1402,1407,1418,1434,1446,1457,1474,1489,1498,1504,1499,1490,1478,1466,1450,1431,1412,1389,1369,1356,1348,1342,1342,1343,1343,1348,1357,1368,1378,1384,1382,1375,1365,1352,1339,1329,1323,1319,1309,1296,1284,1267,1250,1243,1246,1251,1261,1283,1306,1323,1339,1349,1354,1353,1344,1317,1292,1285,1291,1301,1305,1311,1325,1342,1361,1378,1390,1402,1406,1407,1406,1412,1424,1434,1441,1447,1469,1497,1524,1545,1566,1587,1597,1604,1613,1627,1640,1653,1665,1674,1675,1674,1665,1654,1647,1640,1634,1629,1622,1610,1599,1588,1575,1564,1560,1561,1564,1575,1591,1600,1606,1607,1599,1587,1575,1567,1560,1553,1541,1521,1506,1494,1488,1489,1495,1504,1515,1529,1533,1535,1539,1548,1561,1575,1591,1608,1620,1617,1608,1600,1596,1592,1588,1582,1575,1569,1556,1538,1527,1517,1510,1500,1494,1498,1499,1491,1476,1461,1445,1422,1397,1389,1389,1393,1398,1402,1409,1419,1430,1449,1472,1489,1508,1532,1551,1566,1588,1619,1644,1668,1693,1698,1683,1663,1645,1624,1602,1589,1571,1555,1535,1513,1494,1484,1477,1458,1444,1430,1412,1388,1367,1352,1340,1329,1322,1318,1313,1304,1294,1286,1282,1269,1254,1245,1240,1235,1223,1210,1202,1201,1206,1207
1132,1140,1147,1151,1151,1150,1147,1150,1165,1181,1194,1206,1216,1227,1237,1244,1247,1247,1253,1266,1283,1301,1317,1331,1340,1346,1355,1370,1384,1393,1399,1406,1407,1411,1413,1413,1420,1437,1456,1471,1484,1495,1499,1501,1497,1487,1475,1462,1446,1426,1406,1388,1371,1357,1345,1334,1330,1329,1329,1332,1343,1354,1365,1373,1371,1365,1356,1344,1331,1321,1318,1316,1310,1300,1290,1278,1259,1243,1238,1243,1253,1271,1294,1310,1329,1348,1352,1346,1333,1306,1287,1279,1283,1293,1297,1304,1317,1333,1350,1364,1372,1379,1390,1394,1393,1395,1408,1419,1427,1440,1461,1485,1513,1539,1565,1585,1592,1596,1607,1617,1626,1638,1651,1664,1670,1672,1669,1663,1657,1652,1645,1637,1627,1614,1598,1587,1578,1572,1570,1571,1575,1587,1601,1610,1618,1619,1610,1594,1576,1563,1553,1545,1534,1517,1504,1495,1494,1500,1506,1513,1521,1532,1541,1545,1548,1555,1566,1579,1595,1613,1621,1619,1614,1607,1603,1598,1597,1594,1586,1582,1572,1556,1544,1536,1528,1517,1508,1508,1504,1492,1476,1454,1439,1415,1399,1400,1405,1410,1417,1418,1420,1424,1434,1451,1472,1486,1506,1532,1551,1573,1596,1618,1640,1663,1694,1704,1694,1678,1655,1630,1601,1587,1570,1554,1533,1506,1481,1471,1454,1439,1430,1418,1408,1390,1371,1357,1351,1347,1347,1346,1339,1329,1318,1308,1303,1295,1279,1266,1254,1247,1236,1219,1215,1222,1224,1222
1137,1151,1163,1169,1171,1167,1162,1163,1169,1178,1195,1210,1224,1236,1245,1254,1258,1259,1261,1269,1285,1304,1321,1338,1352,1361,1372,1384,1398,1407,1415,1423,1428,1428,1425,1423,1429,1444,1465,1481,1492,1501,1504,1505,1500,1489,1474,1459,1441,1421,1405,1391,1375,1364,1350,1336,1330,1322,1317,1318,1327,1339,1349,1356,1356,1350,1342,1334,1323,1313,1309,1308,1303,1293,1284,1273,1260,1246,1237,1238,1247,1264,1282,1300,1323,1345,1348,1341,1326,1303,1283,1273,1273,1282,1292,1302,1313,1325,1337,1348,1354,1357,1362,1373,1382,1386,1398,1417,1434,1448,1462,1484,1514,1536,1556,1571,1576,1579,1587,1598,1608,1620,1634,1650,1659,1665,1671,1669,1663,1655,1648,1640,1628,1613,1599,1590,1583,1580,1580,1581,1585,1592,1603,1614,1626,1625,1615,1597,1576,1561,1549,1539,1525,1511,1501,1497,1502,1508,1517,1524,1528,1535,1545,1551,1553,1558,1569,1582,1597,1614,1623,1625,1625,1622,1613,1608,1606,1603,1595,1590,1580,1567,1556,1545,1536,1526,1517,1510,1498,1482,1466,1442,1426,1411,1405,1410,1419,1427,1433,1434,1430,1434,1449,1463,1476,1487,1506,1528,1551,1575,1598,1619,1643,1664,1687,1699,1696,1683,1662,1637,1611,1595,1579,1563,1539,1515,1492,1475,1459,1437,1422,1411,1406,1393,1380,1371,1369,1370,1370,1369,1360,1349,1336,1326,1320,1316,1299,1282,1267,1254,1241,1232,1235,1239,1238,1237
1136,1150,1165,1175,1185,1189,1186,1185,1181,1184,1195,1210,1226,1243,1254,1265,1276,1279,1276,1279,1289,1305,1321,1342,1363,1376,1386,1397,1410,1418,1426,1439,1449,1450,1442,1437,1441,1455,1471,1484,1495,1506,1512,1510,1504,1493,1476,1460,1445,1426,1417,1407,1392,1379,1365,1348,1335,1318,1305,1303,1312,1320,1328,1339,1342,1336,1331,1324,1313,1303,1300,1300,1290,1279,1272,1265,1258,1247,1233,1230,1240,1258,1278,1296,1320,1336,1338,1330,1315,1295,1277,1266,1265,1272,1283,1296,1306,1315,1324,1333,1340,1344,1351,1360,1371,1382,1403,1428,1445,1460,1471,1497,1522,1533,1547,1558,1559,1557,1560,1574,1589,1607,1619,1630,1644,1657,1668,1673,1670,1659,1649,1641,1629,1616,1605,1597,1590,1587,1587,1589,1593,1599,1609,1621,1630,1628,1615,1594,1575,1561,1547,1534,1519,1506,1502,1504,1511,1519,1527,1534,1537,1542,1552,1560,1563,1566,1574,1585,1597,1611,1622,1628,1632,1630,1621,1615,1611,1606,1602,1598,1591,1580,1566,1548,1537,1528,1518,1505,1487,1471,1453,1431,1417,1413,1419,1428,1440,1447,1450,1448,1442,1446,1457,1471,1484,1497,1513,1531,1554,1578,1598,1619,1639,1661,1686,1699,1699,1686,1667,1649,1631,1617,1599,1576,1554,1537,1521,1494,1476,1447,1429,1423,1417,1408,1406,1399,1399,1395,1392,1387,1378,1367,1355,1344,1334,1326,1306,1289,1274,1257,1244,1245,1252,1257,1256,1251
1136,1145,1158,1176,1193,1204,1207,1205,1199,1195,1197,1206,1221,1237,1252,1268,1283,1295,1297,1297,1301,1308,1321,1343,1366,1384,1396,1407,1418,1428,1437,1451,1466,1470,1464,1457,1456,1466,1478,1486,1497,1508,1511,1509,1505,1496,1481,1465,1453,1440,1431,1421,1407,1392,1378,1361,1344,1322,1302,1297,1298,1304,1312,1325,1332,1329,1322,1313,1302,1295,1294,1296,1287,1273,1260,1252,1246,1236,1229,1229,1239,1257,1275,1289,1301,1312,1313,1308,1295,1279,1267,1261,1260,1267,1279,1290,1296,1306,1315,1324,1330,1339,1353,1363,1376,1392,1416,1437,1452,1468,1479,1492,1512,1520,1529,1539,1544,1543,1544,1554,1569,1586,1604,1618,1633,1651,1666,1672,1671,1662,1654,1647,1634,1623,1614,1607,1603,1601,1599,1600,1603,1607,1615,1626,1631,1626,1610,1591,1575,1559,1544,1531,1517,1509,1509,1513,1520,1529,1538,1546,1549,1555,1564,1573,1576,1578,1581,1589,1596,1607,1620,1628,1632,1631,1623,1614,1607,1601,1601,1603,1599,1591,1573,1553,1539,1525,1510,1492,1475,1460,1447,1428,1421,1424,1435,1447,1462,1470,1470,1465,1458,1456,1462,1473,1488,1504,1520,1537,1561,1583,1600,1617,1641,1666,1689,1709,1713,1700,1683,1668,1652,1635,1615,1589,1567,1557,1544,1522,1500,1474,1455,1446,1438,1432,1424,1421,1419,1413,1408,1402,1395,1386,1370,1353,1340,1327,1309,1289,1274,1261,1258,1264,1271,1274,1266,1253
1146,1145,1154,1171,1193,1211,1217,1217,1215,1208,1206,1209,1216,1230,1249,1267,1282,1298,1309,1313,1313,1315,1324,1342,1365,1386,1403,1418,1429,1437,1449,1464,1482,1488,1482,1474,1472,1479,1487,1493,1500,1504,1502,1498,1495,1491,1483,1473,1468,1458,1448,1435,1420,1402,1388,1372,1359,1338,1318,1303,1292,1288,1296,1307,1318,1319,1310,1300,1291,1284,1285,1291,1286,1267,1250,1237,1227,1222,1224,1228,1236,1254,1271,1284,1296,1297,1296,1290,1277,1262,1254,1253,1259,1268,1277,1282,1291,1302,1313,1320,1327,1339,1357,1375,1388,1401,1419,1440,1456,1467,1476,1488,1501,1504,1507,1514,1521,1528,1531,1539,1550,1565,1589,1608,1622,1641,1658,1669,1670,1667,1662,1653,1640,1631,1624,1618,1616,1615,1613,1612,1610,1609,1616,1628,1629,1620,1604,1587,1574,1554,1539,1528,1519,1516,1519,1522,1528,1535,1545,1554,1561,1571,1584,1591,1592,1589,1592,1596,1602,1610,1617,1621,1626,1626,1620,1609,1598,1592,1595,1598,1596,1588,1572,1551,1536,1518,1496,1475,1462,1452,1446,1437,1432,1433,1439,1455,1475,1485,1486,1480,1470,1467,1469,1480,1494,1509,1527,1548,1571,1590,1606,1622,1641,1664,1687,1706,1716,1712,1700,1688,1672,1647,1624,1609,1595,1577,1560,1542,1529,1503,1476,1461,1456,1454,1447,1443,1440,1432,1427,1421,1414,1400,1378,1359,1341,1326,1302,1287,1276,1273,1275,1281,1286,1286,1273,1257
1159,1153,1155,1170,1193,1211,1222,1227,1229,1228,1223,1221,1221,1230,1245,1263,1279,1297,1312,1321,1326,1330,1338,1353,1367,1388,1409,1425,1440,1454,1468,1482,1496,1504,1497,1490,1483,1482,1484,1488,1491,1492,1489,1486,1483,1483,1484,1483,1480,1472,1464,1447,1427,1408,1396,1382,1366,1350,1335,1318,1298,1284,1281,1288,1298,1304,1299,1292,1282,1276,1278,1285,1281,1262,1244,1228,1214,1214,1221,1228,1234,1250,1271,1291,1299,1289,1283,1278,1264,1248,1245,1252,1263,1274,1278,1284,1296,1309,1323,1338,1346,1352,1371,1387,1403,1412,1423,1436,1448,1460,1467,1474,1481,1488,1492,1496,1497,1504,1513,1522,1536,1552,1571,1591,1619,1640,1654,1667,1675,1676,1675,1663,1649,1641,1634,1627,1623,1620,1619,1620,1618,1615,1620,1624,1619,1610,1600,1586,1567,1547,1533,1528,1528,1530,1532,1534,1535,1537,1546,1558,1566,1580,1596,1603,1605,1601,1599,1603,1610,1616,1614,1615,1616,1617,1612,1602,1591,1585,1587,1592,1589,1579,1564,1544,1530,1509,1488,1468,1455,1453,1452,1450,1448,1444,1447,1463,1479,1489,1491,1488,1481,1476,1479,1491,1504,1515,1531,1554,1579,1599,1616,1627,1639,1661,1685,1706,1722,1721,1709,1696,1680,1656,1643,1636,1617,1589,1575,1561,1546,1523,1499,1478,1470,1468,1464,1463,1459,1451,1442,1433,1420,1403,1381,1365,1343,1323,1298,1284,1281,1282,1289,1298,1304,1299,1279,1261
1164,1156,1152,1164,1190,1209,1224,1235,1241,1242,1240,1236,1230,1233,1247,1263,1279,1298,1314,1328,1338,1346,1356,1365,1375,1393,1415,1430,1446,1468,1490,1500,1512,1518,1512,1502,1485,1476,1472,1469,1468,1470,1470,1470,1470,1476,1485,1487,1485,1479,1470,1450,1430,1413,1397,1381,1367,1353,1340,1322,1299,1278,1266,1270,1280,1287,1287,1285,1276,1269,1271,1275,1274,1261,1241,1220,1206,1206,1214,1219,1226,1248,1269,1286,1289,1273,1270,1265,1253,1243,1246,1259,1270,1280,1288,1299,1313,1326,1344,1358,1367,1372,1383,1396,1407,1417,1423,1430,1441,1448,1456,1463,1465,1466,1472,1477,1479,1482,1492,1511,1531,1547,1558,1592,1625,1640,1650,1663,1675,1683,1684,1674,1659,1651,1646,1637,1630,1627,1626,1627,1626,1624,1623,1619,1612,1606,1596,1583,1563,1544,1533,1531,1536,1540,1543,1544,1543,1543,1550,1561,1571,1588,1602,1610,1614,1611,1609,1610,1614,1614,1611,1607,1602,1601,1596,1591,1581,1574,1577,1582,1578,1570,1556,1537,1521,1503,1482,1465,1458,1462,1464,1469,1464,1456,1458,1469,1479,1490,1495,1495,1494,1493,1494,1507,1517,1526,1538,1559,1586,1606,1620,1632,1642,1661,1684,1703,1720,1722,1710,1698,1684,1669,1661,1651,1635,1611,1592,1574,1554,1533,1514,1502,1495,1490,1484,1480,1472,1465,1448,1431,1416,1400,1382,1363,1341,1324,1301,1293,1294,1295,1305,1316,1318,1304,1280,1259
1170,1162,1157,1162,1179,1201,1219,1236,1250,1256,1254,1252,1246,1242,1252,1267,1281,1298,1314,1331,1346,1359,1370,1379,1388,1403,1426,1440,1458,1480,1498,1513,1524,1529,1518,1503,1483,1467,1457,1447,1443,1445,1454,1456,1457,1465,1477,1479,1474,1469,1460,1444,1428,1413,1397,1378,1362,1348,1335,1317,1297,1276,1262,1259,1262,1268,1273,1273,1264,1261,1264,1271,1271,1263,1243,1223,1207,1202,1204,1207,1215,1229,1252,1266,1261,1257,1254,1247,1243,1244,1256,1269,1277,1286,1301,1315,1331,1343,1358,1374,1380,1381,1386,1395,1403,1414,1424,1430,1434,1437,1442,1449,1449,1448,1454,1463,1469,1476,1488,1510,1529,1548,1561,1581,1610,1632,1644,1656,1669,1679,1684,1680,1671,1664,1657,1647,1642,1640,1639,1638,1639,1636,1628,1620,1610,1601,1590,1576,1560,1545,1537,1537,1543,1548,1552,1553,1553,1552,1557,1567,1580,1595,1607,1616,1621,1621,1618,1617,1616,1613,1603,1593,1587,1583,1578,1574,1567,1566,1564,1565,1561,1558,1546,1528,1512,1499,1480,1465,1467,1476,1483,1485,1482,1475,1471,1472,1477,1489,1498,1502,1505,1510,1517,1526,1533,1541,1553,1573,1594,1611,1623,1634,1648,1673,1693,1706,1722,1715,1703,1693,1682,1668,1662,1655,1649,1638,1619,1593,1569,1545,1526,1518,1515,1508,1501,1495,1486,1470,1448,1429,1415,1397,1379,1362,1347,1331,1316,1317,1321,1321,1323,1325,1321,1305,1282,1261
1182,1175,1169,1167,1174,1189,1212,1232,1251,1261,1265,1268,1265,1260,1263,1272,1282,1295,1310,1328,1348,1366,1381,1391,1402,1418,1437,1451,1471,1487,1501,1517,1528,1525,1512,1495,1471,1455,1439,1427,1422,1424,1437,1442,1446,1457,1467,1462,1456,1450,1441,1432,1423,1412,1397,1377,1359,1344,1330,1318,1300,1283,1267,1257,1253,1253,1256,1256,1255,1252,1253,1259,1265,1266,1257,1241,1219,1205,1197,1195,1203,1217,1248,1254,1246,1241,1236,1235,1239,1245,1263,1275,1277,1291,1313,1327,1339,1350,1365,1373,1378,1378,1379,1385,1392,1402,1416,1420,1418,1419,1427,1431,1433,1435,1441,1454,1464,1475,1487,1509,1532,1551,1563,1578,1597,1617,1631,1640,1655,1671,1683,1687,1680,1672,1662,1654,1654,1655,1652,1651,1648,1643,1637,1625,1612,1598,1586,1573,1561,1548,1544,1546,1551,1557,1560,1563,1562,1561,1565,1574,1586,1600,1612,1625,1630,1630,1628,1623,1620,1613,1596,1584,1578,1572,1566,1563,1558,1554,1550,1545,1544,1544,1537,1523,1510,1498,1480,1471,1478,1489,1498,1499,1498,1489,1483,1477,1479,1490,1503,1509,1514,1522,1533,1546,1556,1564,1573,1587,1603,1612,1625,1636,1665,1700,1713,1722,1721,1709,1696,1684,1671,1660,1654,1649,1644,1640,1630,1610,1590,1565,1541,1530,1527,1520,1517,1513,1500,1479,1452,1429,1411,1394,1376,1362,1350,1344,1340,1339,1342,1344,1339,1329,1322,1308,1290,1270
1203,1195,1185,1176,1176,1188,1206,1225,1245,1261,1273,1282,1282,1278,1277,1282,1289,1300,1313,1329,1343,1364,1382,1401,1418,1435,1448,1463,1483,1498,1509,1518,1520,1511,1499,1483,1459,1442,1425,1412,1406,1406,1412,1424,1435,1447,1459,1458,1447,1437,1427,1422,1416,1405,1391,1375,1362,1349,1340,1329,1314,1300,1281,1261,1249,1242,1242,1242,1244,1242,1241,1243,1253,1259,1257,1250,1231,1210,1199,1192,1193,1209,1236,1241,1235,1227,1223,1230,1242,1256,1270,1277,1283,1298,1319,1332,1339,1347,1352,1356,1362,1364,1369,1376,1380,1385,1390,1397,1401,1405,1410,1416,1420,1424,1435,1445,1458,1474,1491,1513,1538,1550,1560,1572,1583,1598,1610,1624,1640,1660,1678,1686,1684,1679,1672,1666,1664,1664,1662,1661,1657,1650,1642,1632,1615,1601,1586,1572,1561,1552,1552,1553,1559,1565,1572,1577,1575,1574,1576,1583,1593,1607,1622,1633,1638,1637,1635,1628,1623,1614,1597,1585,1577,1568,1560,1554,1544,1536,1533,1532,1530,1526,1522,1516,1507,1497,1487,1480,1486,1498,1510,1515,1512,1503,1495,1487,1488,1498,1508,1516,1526,1535,1547,1561,1573,1578,1584,1594,1607,1618,1632,1642,1664,1703,1721,1726,1719,1707,1692,1675,1660,1650,1644,1635,1627,1625,1620,1612,1602,1585,1564,1548,1542,1537,1535,1528,1511,1490,1467,1439,1413,1396,1377,1363,1359,1361,1365,1359,1360,1361,1351,1340,1327,1313,1298,1279
1227,1235,1217,1195,1188,1193,1205,1219,1239,1257,1273,1288,1295,1290,1288,1290,1298,1312,1325,1336,1346,1361,1382,1408,1431,1444,1459,1475,1494,1507,1512,1509,1505,1496,1485,1469,1447,1431,1414,1399,1391,1393,1401,1408,1420,1436,1449,1452,1441,1428,1414,1404,1399,1393,1380,1369,1363,1355,1346,1341,1326,1311,1290,1267,1254,1243,1237,1234,1234,1234,1234,1235,1242,1247,1249,1245,1230,1214,1202,1194,1191,1203,1229,1233,1227,1217,1210,1217,1237,1255,1268,1278,1292,1311,1325,1325,1323,1323,1329,1335,1343,1355,1357,1362,1367,1370,1373,1379,1388,1395,1402,1406,1412,1426,1436,1448,1460,1473,1486,1522,1543,1549,1554,1563,1572,1584,1597,1612,1626,1644,1664,1680,1690,1689,1684,1678,1678,1679,1676,1675,1670,1656,1646,1634,1617,1604,1589,1574,1562,1558,1559,1563,1569,1574,1583,1590,1590,1588,1589,1594,1604,1620,1635,1644,1650,1653,1646,1639,1632,1622,1608,1597,1585,1571,1557,1547,1537,1528,1523,1523,1519,1512,1508,1504,1499,1492,1483,1487,1496,1509,1521,1525,1523,1517,1507,1500,1501,1511,1521,1527,1538,1549,1563,1575,1585,1593,1598,1604,1617,1627,1638,1650,1665,1700,1726,1729,1717,1703,1687,1668,1650,1638,1627,1616,1610,1607,1604,1598,1594,1582,1573,1561,1552,1546,1544,1537,1517,1495,1478,1455,1431,1415,1394,1381,1375,1372,1379,1376,1371,1362,1354,1342,1328,1314,1301,1281
1258,1266,1239,1210,1202,1199,1202,1217,1234,1250,1266,1287,1299,1303,1302,1302,1310,1325,1338,1348,1357,1369,1386,1406,1430,1447,1464,1482,1497,1510,1504,1490,1486,1479,1465,1449,1434,1421,1404,1387,1378,1379,1384,1391,1406,1426,1442,1446,1440,1425,1406,1389,1383,1376,1367,1358,1353,1348,1345,1338,1324,1307,1290,1272,1260,1247,1238,1231,1226,1226,1226,1227,1230,1233,1234,1234,1224,1211,1200,1192,1190,1203,1220,1230,1228,1217,1215,1226,1240,1253,1266,1280,1295,1311,1316,1312,1309,1308,1314,1320,1328,1339,1343,1349,1356,1362,1363,1364,1373,1385,1395,1401,1415,1437,1453,1463,1473,1483,1502,1527,1541,1541,1539,1548,1558,1570,1584,1599,1612,1631,1655,1673,1688,1694,1695,1694,1697,1695,1690,1683,1672,1659,1645,1633,1616,1600,1587,1575,1567,1565,1568,1574,1581,1589,1597,1603,1605,1606,1608,1613,1620,1636,1652,1661,1666,1666,1661,1653,1645,1632,1616,1604,1587,1570,1558,1546,1537,1528,1523,1519,1511,1505,1499,1495,1491,1485,1484,1496,1508,1519,1530,1537,1534,1527,1518,1510,1512,1526,1538,1547,1555,1563,1578,1595,1605,1614,1622,1627,1635,1645,1653,1661,1689,1718,1733,1732,1715,1700,1683,1665,1643,1626,1611,1601,1595,1593,1588,1581,1576,1570,1564,1555,1541,1536,1537,1532,1520,1500,1484,1466,1452,1436,1418,1405,1390,1384,1381,1376,1365,1354,1345,1330,1313,1306,1295,1274
1256,1277,1266,1239,1222,1215,1209,1211,1225,1246,1261,1283,1303,1311,1316,1320,1326,1340,1350,1360,1368,1379,1389,1403,1425,1447,1465,1479,1491,1496,1484,1473,1464,1455,1439,1425,1416,1404,1394,1378,1363,1359,1368,1381,1395,1414,1433,1443,1437,1420,1405,1390,1378,1365,1353,1342,1340,1339,1334,1327,1314,1297,1283,1277,1268,1255,1245,1236,1224,1218,1217,1216,1215,1213,1213,1215,1213,1206,1196,1188,1192,1204,1216,1225,1223,1210,1219,1233,1243,1252,1263,1277,1294,1305,1304,1301,1301,1301,1304,1310,1314,1324,1334,1342,1349,1354,1357,1362,1373,1385,1396,1407,1425,1450,1468,1482,1496,1507,1516,1527,1531,1528,1524,1526,1541,1557,1571,1586,1602,1620,1642,1665,1686,1697,1702,1706,1707,1703,1696,1683,1667,1655,1643,1630,1612,1595,1583,1575,1571,1573,1582,1592,1601,1609,1614,1621,1625,1626,1630,1636,1642,1656,1670,1676,1677,1673,1669,1660,1647,1632,1614,1601,1586,1571,1559,1549,1540,1533,1526,1522,1513,1506,1498,1494,1489,1486,1491,1504,1514,1527,1540,1545,1544,1539,1537,1531,1532,1535,1550,1565,1571,1577,1590,1608,1623,1635,1646,1651,1658,1669,1679,1690,1707,1722,1731,1725,1710,1695,1679,1664,1641,1620,1601,1587,1579,1574,1570,1564,1562,1556,1546,1536,1527,1522,1519,1515,1511,1501,1489,1477,1466,1451,1436,1417,1397,1383,1374,1366,1355,1342,1324,1310,1299,1290,1279,1260
1230,1255,1259,1249,1238,1229,1219,1215,1227,1246,1265,1284,1305,1318,1330,1334,1334,1342,1358,1374,1381,1395,1406,1410,1428,1448,1465,1474,1474,1474,1463,1451,1441,1432,1417,1404,1394,1387,1379,1367,1350,1344,1351,1362,1377,1396,1416,1434,1432,1419,1410,1397,1383,1368,1354,1342,1337,1332,1325,1316,1304,1290,1278,1271,1262,1255,1249,1242,1228,1216,1207,1206,1203,1198,1194,1198,1204,1200,1191,1185,1190,1201,1204,1207,1204,1204,1218,1230,1241,1253,1261,1270,1283,1291,1289,1288,1291,1295,1300,1304,1315,1328,1337,1344,1351,1357,1365,1378,1391,1401,1412,1424,1445,1464,1480,1489,1492,1499,1509,1517,1517,1511,1507,1513,1531,1549,1564,1581,1597,1612,1629,1650,1675,1692,1701,1711,1715,1708,1696,1681,1665,1653,1640,1627,1612,1596,1582,1575,1575,1583,1596,1607,1616,1624,1629,1638,1642,1641,1645,1651,1656,1669,1680,1683,1677,1672,1664,1653,1639,1628,1611,1594,1580,1569,1559,1551,1546,1541,1531,1526,1519,1513,1504,1498,1493,1490,1496,1507,1519,1533,1548,1557,1559,1559,1558,1555,1553,1555,1565,1576,1586,1595,1604,1619,1635,1650,1664,1673,1683,1688,1695,1704,1714,1722,1725,1718,1704,1689,1677,1664,1643,1618,1596,1581,1568,1559,1552,1547,1543,1536,1523,1513,1504,1502,1498,1496,1496,1491,1485,1478,1468,1456,1442,1424,1403,1385,1367,1357,1345,1327,1307,1292,1284,1273,1261,1247
1217,1237,1251,1256,1252,1243,1232,1224,1229,1245,1259,1276,1295,1314,1332,1341,1345,1365,1383,1399,1405,1405,1413,1416,1426,1440,1453,1460,1459,1453,1442,1428,1420,1414,1398,1384,1376,1370,1363,1353,1342,1336,1337,1348,1365,1385,1404,1422,1426,1423,1420,1409,1393,1379,1368,1357,1344,1334,1322,1311,1301,1291,1281,1267,1254,1249,1245,1240,1232,1218,1205,1197,1192,1188,1187,1190,1191,1190,1184,1180,1187,1191,1189,1188,1187,1194,1209,1224,1235,1246,1255,1262,1269,1269,1267,1272,1284,1293,1303,1316,1331,1345,1351,1359,1367,1373,1380,1391,1400,1414,1427,1440,1457,1472,1482,1484,1483,1488,1494,1497,1492,1488,1490,1501,1518,1539,1557,1573,1586,1599,1614,1633,1657,1680,1702,1715,1720,1715,1703,1688,1672,1659,1644,1634,1621,1605,1589,1581,1582,1590,1602,1616,1627,1636,1645,1653,1654,1657,1660,1667,1673,1679,1682,1675,1669,1665,1655,1640,1629,1619,1601,1583,1573,1565,1558,1557,1558,1552,1540,1531,1525,1520,1511,1505,1499,1496,1501,1513,1523,1536,1551,1565,1574,1578,1576,1570,1566,1568,1576,1587,1598,1608,1616,1631,1649,1664,1678,1691,1700,1705,1711,1718,1720,1723,1721,1712,1696,1678,1669,1657,1639,1619,1603,1587,1569,1556,1543,1532,1523,1508,1492,1486,1483,1479,1476,1474,1475,1472,1469,1467,1462,1455,1444,1429,1412,1391,1367,1353,1341,1319,1300,1283,1273,1262,1248,1238
1205,1227,1244,1254,1265,1266,1255,1245,1244,1250,1259,1272,1288,1312,1334,1346,1355,1374,1389,1397,1402,1404,1412,1416,1421,1421,1429,1439,1444,1441,1423,1407,1402,1394,1380,1369,1359,1353,1348,1342,1331,1326,1328,1342,1357,1377,1396,1412,1425,1430,1429,1420,1406,1388,1375,1366,1356,1347,1336,1322,1311,1299,1288,1271,1249,1243,1237,1233,1229,1220,1209,1197,1186,1181,1180,1179,1178,1177,1176,1179,1183,1183,1180,1177,1175,1191,1208,1218,1225,1233,1243,1251,1254,1251,1253,1266,1285,1303,1313,1327,1344,1358,1363,1365,1372,1378,1384,1387,1395,1412,1428,1440,1456,1465,1473,1473,1471,1471,1473,1477,1477,1475,1478,1492,1510,1528,1543,1557,1571,1584,1601,1622,1646,1676,1703,1720,1726,1722,1710,1698,1686,1673,1654,1638,1627,1614,1597,1589,1588,1597,1609,1626,1639,1652,1661,1665,1667,1672,1678,1686,1686,1685,1678,1667,1660,1654,1640,1627,1617,1606,1590,1577,1570,1568,1569,1572,1572,1567,1555,1540,1530,1524,1517,1511,1507,1504,1509,1518,1526,1536,1551,1573,1586,1591,1592,1588,1583,1587,1596,1605,1613,1622,1633,1647,1662,1675,1692,1706,1716,1724,1728,1727,1724,1720,1714,1702,1683,1666,1655,1643,1631,1621,1610,1597,1585,1569,1552,1531,1516,1495,1478,1470,1463,1455,1449,1447,1441,1439,1446,1448,1447,1444,1438,1427,1413,1394,1374,1359,1343,1326,1304,1284,1270,1259,1244,1234
1191,1215,1235,1252,1269,1276,1271,1265,1259,1259,1265,1276,1285,1312,1334,1349,1357,1362,1373,1386,1393,1394,1397,1392,1386,1402,1413,1419,1426,1426,1409,1398,1389,1378,1368,1357,1345,1337,1333,1327,1321,1315,1319,1332,1348,1367,1391,1406,1421,1434,1437,1426,1407,1377,1365,1361,1353,1347,1339,1326,1312,1299,1289,1275,1259,1244,1231,1225,1222,1220,1213,1202,1188,1180,1174,1168,1167,1166,1168,1176,1183,1177,1173,1171,1176,1187,1196,1204,1212,1219,1227,1237,1241,1240,1250,1263,1284,1305,1319,1331,1346,1359,1364,1362,1363,1368,1374,1377,1383,1399,1420,1435,1450,1459,1463,1461,1455,1451,1452,1458,1464,1469,1473,1490,1502,1517,1536,1555,1567,1580,1596,1614,1634,1666,1695,1716,1727,1727,1715,1702,1689,1677,1659,1643,1629,1616,1605,1599,1599,1607,1618,1631,1645,1660,1670,1676,1683,1693,1697,1697,1691,1685,1675,1662,1654,1641,1627,1617,1607,1595,1586,1579,1578,1580,1586,1589,1587,1579,1564,1547,1539,1533,1525,1521,1517,1514,1516,1521,1527,1536,1553,1576,1592,1602,1607,1609,1609,1616,1621,1628,1635,1644,1652,1663,1674,1690,1708,1722,1732,1739,1742,1736,1727,1718,1706,1693,1672,1655,1642,1631,1621,1616,1606,1596,1590,1580,1560,1539,1522,1502,1484,1469,1453,1440,1428,1419,1414,1413,1417,1421,1423,1424,1419,1411,1404,1390,1373,1361,1348,1332,1314,1296,1277,1264,1249,1236
1186,1208,1227,1244,1270,1284,1285,1277,1269,1265,1270,1278,1292,1314,1329,1340,1344,1349,1359,1370,1376,1375,1373,1361,1362,1379,1392,1402,1407,1410,1403,1394,1383,1368,1359,1345,1330,1321,1320,1317,1309,1301,1306,1321,1335,1353,1378,1399,1417,1431,1433,1420,1395,1370,1358,1351,1343,1339,1328,1312,1298,1291,1285,1276,1261,1244,1229,1220,1215,1213,1210,1205,1199,1192,1183,1171,1162,1158,1164,1176,1179,1173,1168,1168,1173,1182,1187,1193,1200,1207,1214,1223,1229,1236,1247,1261,1282,1302,1319,1332,1344,1351,1347,1345,1350,1354,1356,1360,1371,1388,1405,1420,1438,1450,1452,1448,1443,1438,1436,1440,1448,1455,1468,1489,1500,1514,1532,1549,1565,1578,1589,1605,1623,1645,1671,1698,1727,1731,1725,1710,1694,1682,1663,1646,1630,1619,1609,1601,1603,1615,1627,1638,1648,1661,1675,1685,1698,1713,1717,1710,1697,1684,1671,1656,1642,1629,1618,1610,1602,1594,1589,1589,1592,1596,1599,1600,1595,1580,1564,1556,1552,1544,1536,1531,1526,1521,1522,1525,1530,1539,1554,1573,1591,1603,1611,1621,1633,1641,1644,1649,1656,1665,1675,1682,1693,1706,1723,1735,1746,1751,1748,1739,1727,1714,1699,1678,1660,1642,1629,1619,1611,1603,1595,1590,1580,1569,1555,1544,1536,1514,1496,1474,1451,1435,1419,1405,1399,1396,1396,1398,1402,1403,1398,1392,1387,1377,1365,1358,1350,1336,1321,1307,1288,1267,1254,1239
1171,1192,1210,1231,1261,1285,1293,1289,1283,1278,1282,1294,1310,1321,1326,1333,1336,1335,1343,1349,1350,1353,1355,1350,1345,1349,1375,1392,1402,1405,1401,1393,1379,1366,1350,1331,1314,1306,1306,1302,1295,1291,1297,1308,1322,1340,1363,1387,1407,1425,1429,1419,1399,1377,1358,1344,1335,1326,1314,1301,1290,1288,1281,1267,1251,1237,1228,1219,1210,1207,1204,1202,1202,1202,1196,1181,1164,1158,1160,1168,1172,1168,1165,1166,1173,1180,1185,1188,1194,1201,1208,1219,1231,1241,1255,1269,1285,1301,1318,1331,1338,1338,1328,1326,1330,1334,1337,1345,1356,1370,1387,1404,1422,1438,1442,1440,1435,1430,1431,1432,1436,1443,1457,1481,1495,1514,1526,1542,1559,1572,1588,1608,1625,1641,1657,1686,1716,1730,1728,1716,1702,1687,1663,1644,1631,1622,1611,1603,1608,1622,1636,1647,1655,1667,1679,1696,1712,1728,1727,1718,1703,1683,1666,1649,1634,1623,1617,1611,1605,1600,1600,1601,1603,1608,1609,1604,1594,1576,1568,1569,1566,1554,1545,1539,1534,1533,1534,1538,1541,1548,1557,1570,1585,1599,1613,1632,1645,1653,1659,1667,1672,1682,1690,1700,1712,1726,1741,1752,1761,1762,1754,1740,1724,1708,1692,1673,1652,1635,1619,1607,1600,1589,1578,1566,1557,1547,1537,1531,1530,1516,1497,1479,1461,1445,1421,1404,1395,1388,1381,1380,1382,1381,1376,1369,1367,1363,1355,1349,1341,1331,1320,1308,1287,1265,1250,1239
1156,1178,1203,1230,1258,1284,1300,1302,1297,1293,1296,1309,1322,1326,1327,1328,1325,1319,1324,1329,1333,1342,1343,1335,1327,1332,1355,1382,1399,1397,1391,1385,1374,1361,1343,1322,1303,1294,1293,1289,1285,1285,1294,1305,1316,1332,1355,1381,1402,1419,1429,1423,1406,1388,1369,1350,1335,1321,1311,1300,1293,1291,1281,1260,1248,1236,1227,1219,1207,1202,1198,1194,1195,1198,1194,1181,1169,1160,1156,1156,1160,1161,1161,1166,1177,1188,1193,1198,1206,1212,1221,1237,1245,1255,1267,1279,1290,1302,1318,1329,1332,1325,1314,1310,1313,1317,1324,1333,1342,1354,1373,1397,1415,1427,1435,1431,1425,1420,1422,1426,1433,1445,1458,1472,1488,1508,1526,1549,1564,1573,1586,1602,1623,1642,1657,1680,1704,1720,1722,1713,1702,1688,1668,1650,1637,1625,1611,1604,1613,1634,1647,1655,1663,1670,1682,1701,1720,1731,1728,1718,1703,1682,1666,1649,1639,1633,1625,1621,1620,1618,1619,1617,1614,1617,1614,1604,1592,1584,1585,1587,1582,1568,1558,1550,1544,1547,1555,1561,1563,1562,1562,1568,1581,1596,1612,1632,1648,1658,1668,1679,1688,1697,1706,1719,1734,1748,1760,1771,1776,1774,1762,1740,1721,1704,1690,1671,1649,1629,1611,1598,1585,1571,1556,1542,1532,1525,1516,1511,1509,1499,1482,1472,1464,1447,1430,1416,1401,1387,1378,1369,1362,1362,1356,1348,1347,1348,1344,1335,1327,1322,1313,1300,1278,1259,1246,1241
1151,1170,1193,1225,1251,1274,1294,1307,1315,1320,1322,1328,1335,1335,1331,1325,1310,1299,1298,1307,1316,1323,1319,1312,1308,1315,1345,1363,1373,1380,1380,1377,1367,1356,1340,1320,1301,1285,1278,1274,1273,1279,1293,1303,1318,1331,1351,1377,1394,1411,1423,1419,1411,1396,1380,1366,1350,1336,1323,1311,1300,1297,1285,1267,1251,1241,1233,1224,1214,1201,1193,1190,1188,1186,1187,1181,1171,1159,1149,1148,1151,1155,1161,1176,1198,1213,1218,1221,1223,1226,1244,1253,1259,1269,1280,1290,1299,1307,1316,1320,1319,1311,1303,1299,1302,1308,1317,1326,1335,1345,1360,1381,1402,1417,1422,1418,1411,1409,1414,1422,1433,1444,1454,1468,1483,1497,1519,1541,1553,1562,1575,1594,1617,1637,1651,1669,1695,1712,1719,1716,1705,1691,1672,1659,1649,1636,1616,1605,1606,1630,1651,1661,1670,1681,1692,1707,1721,1730,1729,1718,1701,1683,1668,1657,1650,1647,1639,1636,1637,1637,1637,1634,1629,1626,1617,1600,1594,1596,1602,1602,1594,1585,1575,1565,1554,1557,1568,1580,1583,1580,1575,1574,1582,1597,1613,1631,1645,1657,1671,1684,1696,1707,1718,1736,1753,1764,1776,1787,1786,1781,1767,1743,1718,1700,1685,1666,1641,1621,1605,1592,1574,1558,1543,1529,1518,1505,1497,1493,1488,1478,1468,1462,1452,1438,1431,1421,1405,1390,1379,1363,1351,1345,1340,1335,1334,1334,1329,1320,1314,1308,1300,1283,1265,1254,1246,1249
1156,1169,1190,1212,1237,1264,1283,1305,1326,1334,1336,1339,1340,1338,1335,1324,1303,1281,1278,1286,1296,1297,1290,1288,1290,1309,1337,1352,1356,1365,1369,1369,1362,1353,1337,1319,1299,1281,1265,1258,1261,1266,1286,1309,1323,1335,1353,1375,1392,1405,1414,1414,1405,1396,1386,1377,1366,1356,1345,1325,1310,1300,1294,1282,1270,1255,1241,1235,1225,1213,1202,1195,1185,1179,1179,1178,1169,1154,1142,1140,1147,1153,1163,1181,1201,1221,1230,1234,1237,1243,1255,1269,1279,1291,1296,1302,1306,1304,1304,1305,1299,1293,1286,1284,1289,1298,1309,1320,1332,1343,1356,1383,1406,1416,1412,1403,1399,1398,1407,1423,1433,1442,1455,1467,1480,1497,1519,1539,1545,1550,1561,1577,1598,1619,1634,1650,1678,1701,1711,1711,1709,1696,1680,1664,1653,1639,1627,1624,1633,1640,1648,1665,1680,1692,1704,1717,1728,1733,1729,1718,1702,1685,1677,1670,1664,1660,1652,1649,1650,1650,1652,1647,1639,1631,1619,1604,1603,1608,1614,1613,1606,1599,1590,1578,1567,1566,1577,1591,1600,1602,1597,1590,1591,1598,1612,1629,1641,1653,1669,1687,1702,1715,1729,1747,1762,1776,1792,1801,1793,1784,1772,1749,1718,1699,1682,1664,1642,1622,1607,1592,1570,1552,1537,1523,1509,1494,1484,1477,1469,1459,1454,1448,1437,1427,1424,1418,1403,1386,1375,1358,1342,1333,1329,1326,1321,1313,1305,1299,1297,1291,1281,1267,1256,1255,1258,1262
1154,1170,1190,1209,1229,1259,1285,1313,1335,1341,1340,1339,1339,1336,1332,1316,1279,1263,1260,1266,1274,1276,1274,1271,1276,1298,1328,1340,1344,1348,1352,1353,1347,1344,1330,1314,1295,1276,1258,1249,1249,1263,1285,1309,1330,1346,1366,1388,1400,1405,1406,1400,1389,1384,1383,1379,1370,1363,1353,1338,1321,1311,1305,1296,1284,1269,1253,1244,1239,1229,1217,1204,1189,1176,1172,1172,1161,1148,1137,1136,1145,1154,1164,1179,1198,1215,1227,1234,1244,1255,1267,1282,1295,1300,1302,1306,1304,1296,1291,1281,1276,1275,1268,1266,1276,1286,1299,1313,1330,1346,1374,1401,1416,1415,1403,1394,1390,1390,1399,1416,1436,1444,1459,1476,1484,1497,1519,1531,1536,1542,1551,1564,1588,1609,1621,1636,1658,1682,1698,1705,1705,1697,1683,1667,1652,1641,1632,1629,1639,1651,1660,1671,1683,1696,1710,1724,1734,1734,1728,1718,1706,1696,1692,1685,1677,1671,1667,1665,1665,1667,1667,1659,1649,1635,1620,1614,1618,1626,1628,1624,1617,1609,1600,1590,1578,1575,1587,1604,1617,1621,1615,1607,1606,1610,1619,1631,1642,1654,1670,1689,1703,1719,1736,1757,1773,1791,1807,1817,1802,1789,1777,1753,1723,1704,1687,1667,1649,1632,1615,1597,1572,1552,1535,1522,1510,1500,1488,1477,1464,1454,1446,1436,1426,1418,1415,1408,1391,1381,1373,1357,1340,1326,1318,1315,1309,1299,1287,1284,1281,1276,1267,1260,1258,1262,1268,1273
1148,1166,1187,1206,1226,1253,1279,1308,1329,1340,1337,1332,1327,1323,1314,1295,1271,1252,1248,1249,1254,1257,1257,1261,1272,1298,1314,1320,1324,1329,1332,1334,1330,1325,1318,1308,1292,1271,1252,1240,1241,1257,1281,1308,1329,1347,1366,1383,1393,1396,1396,1388,1375,1371,1371,1369,1368,1365,1356,1341,1332,1326,1318,1306,1292,1279,1264,1261,1254,1244,1232,1213,1191,1177,1170,1166,1157,1146,1135,1133,1138,1149,1163,1179,1194,1208,1218,1228,1240,1256,1268,1279,1289,1291,1290,1294,1293,1286,1275,1264,1262,1264,1257,1261,1273,1284,1296,1309,1331,1355,1386,1413,1415,1408,1396,1386,1383,1385,1394,1434,1450,1458,1473,1482,1490,1497,1507,1513,1517,1526,1541,1559,1582,1601,1612,1628,1649,1670,1690,1703,1706,1700,1686,1671,1656,1648,1642,1638,1642,1650,1658,1669,1682,1699,1714,1727,1734,1733,1728,1721,1711,1708,1707,1701,1694,1685,1679,1678,1682,1685,1681,1670,1654,1639,1632,1631,1636,1643,1642,1635,1627,1618,1609,1601,1591,1589,1601,1617,1625,1632,1631,1624,1622,1624,1629,1638,1650,1664,1679,1692,1704,1722,1743,1767,1788,1802,1816,1826,1813,1793,1775,1754,1730,1711,1692,1674,1656,1638,1619,1599,1578,1559,1543,1531,1523,1513,1504,1488,1476,1461,1451,1442,1432,1423,1417,1410,1399,1384,1376,1366,1351,1336,1322,1316,1312,1298,1285,1278,1273,1270,1264,1264,1269,1272,1277,1283
1141,1157,1179,1202,1225,1247,1272,1293,1309,1322,1320,1314,1309,1305,1299,1286,1265,1248,1236,1231,1236,1240,1241,1243,1257,1278,1295,1305,1310,1316,1319,1319,1315,1311,1305,1297,1282,1261,1239,1230,1236,1251,1273,1298,1320,1337,1354,1375,1384,1387,1387,1376,1366,1360,1352,1350,1355,1356,1347,1334,1327,1326,1321,1312,1302,1290,1281,1275,1265,1255,1242,1222,1197,1179,1174,1169,1155,1142,1130,1127,1131,1145,1160,1174,1187,1201,1208,1218,1232,1249,1259,1265,1269,1271,1273,1274,1273,1271,1265,1252,1247,1247,1251,1268,1282,1295,1308,1319,1335,1357,1388,1405,1408,1399,1384,1376,1376,1377,1410,1447,1455,1467,1478,1483,1487,1486,1487,1492,1500,1508,1524,1549,1568,1586,1607,1624,1642,1660,1682,1698,1708,1707,1693,1677,1665,1656,1650,1644,1645,1650,1657,1664,1673,1693,1709,1722,1730,1734,1732,1726,1721,1722,1721,1716,1707,1696,1692,1693,1699,1702,1693,1675,1659,1647,1647,1649,1655,1660,1657,1646,1639,1628,1619,1611,1604,1604,1615,1627,1638,1648,1651,1643,1642,1644,1648,1655,1666,1676,1687,1699,1711,1727,1749,1773,1794,1809,1823,1828,1818,1793,1774,1756,1732,1712,1695,1674,1654,1638,1620,1600,1580,1564,1551,1542,1538,1531,1520,1504,1488,1475,1465,1459,1449,1441,1435,1425,1416,1399,1387,1379,1363,1349,1343,1337,1325,1305,1287,1277,1274,1274,1272,1275,1280,1284,1288,1292
1137,1154,1171,1197,1229,1251,1269,1285,1299,1305,1302,1294,1287,1282,1280,1274,1260,1241,1225,1214,1213,1218,1221,1226,1238,1258,1282,1290,1297,1301,1305,1308,1309,1303,1290,1280,1265,1248,1228,1225,1232,1248,1273,1293,1310,1328,1345,1362,1374,1380,1378,1367,1360,1349,1337,1334,1340,1342,1337,1325,1316,1316,1314,1309,1302,1295,1288,1279,1266,1255,1242,1224,1201,1186,1180,1171,1157,1141,1128,1122,1125,1139,1153,1166,1180,1193,1200,1206,1219,1233,1244,1248,1248,1250,1253,1254,1253,1249,1245,1233,1231,1235,1247,1269,1287,1305,1322,1334,1346,1361,1383,1399,1400,1391,1371,1364,1372,1388,1412,1441,1457,1471,1478,1477,1474,1470,1469,1480,1487,1490,1504,1530,1558,1579,1598,1616,1631,1647,1670,1691,1706,1709,1702,1690,1678,1670,1662,1655,1656,1657,1657,1659,1667,1682,1697,1711,1724,1733,1735,1733,1733,1735,1734,1728,1718,1712,1713,1715,1715,1710,1697,1678,1665,1662,1665,1669,1673,1675,1672,1664,1651,1641,1628,1618,1611,1612,1622,1637,1652,1664,1668,1665,1664,1668,1668,1674,1684,1690,1702,1713,1724,1739,1759,1779,1801,1815,1823,1826,1812,1791,1772,1755,1732,1714,1694,1672,1651,1638,1620,1600,1582,1570,1561,1556,1553,1547,1538,1524,1501,1486,1479,1472,1463,1456,1452,1443,1433,1416,1400,1390,1374,1362,1359,1350,1334,1310,1290,1282,1282,1288,1289,1293,1293,1294,1297,1304
1138,1157,1169,1185,1216,1251,1270,1280,1283,1288,1287,1276,1268,1264,1262,1260,1256,1238,1218,1203,1197,1199,1201,1210,1229,1248,1263,1272,1276,1279,1282,1296,1304,1293,1275,1266,1253,1235,1215,1211,1227,1246,1270,1289,1307,1323,1338,1358,1367,1372,1368,1357,1350,1335,1321,1320,1324,1330,1330,1315,1303,1300,1300,1300,1297,1292,1284,1277,1266,1255,1241,1220,1202,1187,1176,1172,1162,1142,1128,1119,1120,1133,1146,1161,1173,1185,1191,1195,1203,1214,1223,1227,1229,1230,1231,1230,1230,1230,1225,1219,1222,1231,1245,1267,1290,1313,1328,1337,1346,1354,1372,1389,1395,1381,1362,1359,1374,1390,1413,1439,1456,1466,1468,1461,1457,1455,1458,1467,1474,1482,1498,1524,1546,1556,1575,1599,1621,1640,1661,1681,1698,1704,1703,1694,1683,1677,1675,1670,1669,1666,1663,1663,1668,1679,1691,1706,1718,1732,1739,1742,1748,1754,1750,1741,1731,1727,1730,1733,1729,1717,1701,1685,1675,1678,1683,1690,1692,1692,1688,1680,1665,1653,1640,1627,1618,1621,1631,1645,1660,1675,1683,1686,1687,1685,1683,1690,1702,1710,1718,1732,1742,1755,1773,1791,1810,1821,1825,1822,1806,1788,1771,1753,1732,1715,1695,1672,1649,1639,1622,1603,1591,1587,1582,1579,1570,1563,1558,1546,1521,1501,1494,1488,1482,1471,1463,1453,1445,1429,1414,1406,1395,1377,1369,1356,1336,1315,1296,1290,1293,1300,1303,1304,1304,1308,1316,1321
1152,1167,1180,1193,1217,1247,1271,1279,1275,1271,1264,1251,1245,1241,1241,1245,1245,1230,1213,1198,1187,1184,1187,1198,1216,1234,1248,1261,1263,1260,1267,1281,1290,1284,1272,1262,1241,1217,1200,1201,1217,1237,1259,1280,1300,1318,1331,1348,1358,1360,1356,1341,1330,1317,1308,1307,1314,1320,1317,1305,1291,1284,1286,1287,1288,1282,1276,1273,1268,1258,1245,1227,1211,1192,1179,1173,1158,1140,1129,1119,1116,1131,1144,1156,1170,1180,1181,1182,1187,1196,1206,1212,1215,1210,1209,1212,1216,1215,1212,1213,1225,1238,1250,1270,1294,1314,1327,1335,1340,1346,1363,1377,1378,1365,1353,1354,1365,1387,1411,1435,1446,1454,1452,1445,1440,1439,1439,1443,1461,1477,1491,1510,1527,1543,1564,1590,1613,1628,1639,1662,1688,1699,1701,1694,1683,1684,1686,1685,1684,1680,1675,1674,1676,1681,1688,1696,1710,1728,1739,1747,1759,1767,1760,1752,1742,1739,1740,1743,1740,1725,1706,1691,1683,1689,1698,1705,1708,1705,1701,1691,1675,1662,1648,1631,1625,1631,1644,1659,1676,1692,1701,1704,1707,1706,1699,1708,1719,1724,1732,1748,1758,1770,1785,1799,1815,1831,1834,1819,1802,1787,1773,1756,1737,1722,1702,1680,1658,1644,1629,1618,1613,1607,1601,1596,1587,1578,1567,1555,1537,1517,1511,1508,1502,1487,1471,1460,1454,1444,1428,1420,1409,1389,1377,1360,1339,1316,1307,1305,1308,1315,1317,1314,1311,1314,1322,1330
1153,1166,1179,1197,1221,1249,1271,1276,1270,1254,1239,1226,1220,1218,1221,1225,1226,1220,1209,1196,1180,1172,1175,1192,1209,1219,1243,1264,1263,1256,1256,1265,1272,1273,1263,1246,1224,1208,1196,1195,1206,1223,1244,1265,1286,1304,1320,1337,1346,1351,1347,1331,1319,1309,1297,1293,1300,1308,1306,1294,1278,1270,1264,1266,1269,1268,1265,1263,1263,1260,1252,1239,1224,1208,1192,1179,1161,1145,1129,1117,1116,1128,1141,1153,1167,1171,1170,1168,1172,1184,1191,1194,1193,1192,1197,1206,1209,1208,1207,1220,1237,1251,1267,1282,1295,1309,1321,1327,1332,1340,1354,1365,1364,1357,1349,1346,1358,1381,1397,1420,1436,1443,1442,1433,1424,1416,1416,1427,1445,1464,1481,1495,1513,1533,1554,1578,1601,1615,1630,1654,1682,1694,1699,1693,1683,1687,1695,1698,1700,1698,1693,1690,1687,1686,1687,1695,1708,1722,1736,1752,1769,1775,1770,1764,1759,1750,1752,1754,1747,1731,1712,1701,1695,1700,1711,1719,1724,1720,1710,1698,1685,1672,1654,1640,1634,1641,1656,1675,1694,1707,1715,1721,1725,1724,1725,1730,1735,1741,1749,1758,1768,1779,1790,1803,1819,1836,1839,1824,1806,1791,1774,1762,1747,1732,1713,1690,1669,1654,1640,1632,1627,1623,1616,1609,1599,1589,1576,1562,1549,1536,1528,1522,1512,1494,1479,1471,1464,1453,1438,1427,1415,1397,1381,1362,1337,1322,1320,1323,1327,1329,1328,1323,1317,1318,1323,1333
1138,1153,1171,1190,1210,1231,1255,1272,1265,1247,1226,1212,1204,1198,1198,1200,1200,1205,1200,1189,1171,1162,1167,1184,1200,1208,1227,1250,1258,1232,1236,1246,1253,1254,1244,1228,1214,1205,1196,1193,1204,1221,1241,1258,1274,1289,1305,1322,1339,1350,1347,1333,1317,1299,1282,1276,1282,1293,1294,1284,1269,1257,1245,1242,1246,1249,1249,1246,1248,1250,1244,1237,1229,1218,1207,1191,1175,1156,1132,1119,1117,1128,1138,1150,1158,1159,1156,1157,1163,1168,1171,1171,1175,1180,1190,1201,1208,1213,1219,1234,1252,1265,1279,1290,1298,1303,1308,1315,1326,1338,1352,1359,1359,1351,1340,1333,1352,1377,1393,1408,1418,1427,1426,1421,1412,1403,1401,1414,1441,1459,1473,1486,1505,1525,1540,1563,1588,1606,1629,1653,1674,1688,1693,1689,1680,1684,1693,1700,1704,1707,1708,1704,1702,1698,1702,1711,1719,1728,1740,1757,1776,1785,1781,1778,1772,1765,1764,1764,1753,1737,1720,1711,1708,1715,1727,1736,1738,1734,1719,1706,1692,1680,1665,1653,1646,1651,1667,1687,1703,1718,1733,1742,1746,1746,1747,1752,1755,1762,1771,1777,1779,1790,1796,1808,1825,1838,1841,1834,1817,1796,1778,1766,1753,1734,1716,1698,1679,1666,1655,1648,1645,1639,1630,1620,1610,1601,1591,1573,1562,1551,1542,1529,1515,1499,1487,1482,1476,1458,1445,1433,1421,1401,1383,1361,1339,1328,1330,1336,1339,1339,1336,1333,1328,1327,1329,1334
1132,1145,1161,1179,1198,1221,1243,1256,1258,1252,1236,1215,1193,1181,1180,1182,1180,1185,1188,1177,1158,1149,1153,1172,1190,1198,1199,1213,1210,1208,1217,1228,1237,1239,1226,1214,1204,1196,1185,1188,1203,1225,1241,1254,1268,1285,1302,1319,1336,1348,1351,1340,1321,1298,1277,1264,1269,1277,1278,1271,1258,1242,1234,1231,1233,1238,1239,1235,1232,1231,1229,1229,1226,1221,1211,1196,1180,1165,1142,1120,1116,1124,1134,1143,1149,1148,1149,1152,1154,1155,1156,1153,1151,1169,1191,1208,1221,1230,1238,1251,1264,1273,1283,1290,1292,1293,1295,1302,1310,1325,1343,1354,1356,1344,1330,1323,1336,1363,1388,1395,1405,1411,1410,1404,1398,1391,1393,1417,1440,1454,1465,1480,1496,1512,1529,1553,1581,1601,1625,1648,1668,1683,1692,1688,1679,1680,1687,1697,1708,1719,1723,1722,1717,1713,1713,1721,1728,1734,1744,1762,1786,1795,1794,1791,1786,1781,1781,1777,1764,1748,1733,1723,1719,1726,1740,1749,1748,1743,1729,1713,1699,1688,1675,1663,1658,1664,1679,1692,1708,1727,1747,1761,1770,1776,1774,1770,1775,1783,1796,1800,1806,1810,1813,1819,1836,1844,1845,1838,1821,1803,1784,1770,1755,1733,1717,1704,1688,1677,1669,1665,1660,1653,1640,1631,1624,1612,1599,1580,1567,1554,1543,1525,1513,1499,1488,1484,1476,1459,1447,1437,1424,1407,1387,1366,1347,1336,1339,1344,1348,1349,1347,1346,1347,1346,1342,1343
1133,1148,1167,1184,1202,1216,1231,1243,1256,1254,1237,1213,1190,1172,1168,1166,1166,1172,1176,1161,1148,1138,1139,1154,1176,1180,1180,1187,1193,1196,1203,1210,1216,1212,1203,1199,1193,1184,1174,1176,1197,1225,1246,1260,1275,1291,1307,1324,1335,1346,1349,1338,1320,1297,1273,1256,1254,1254,1257,1254,1247,1236,1229,1222,1223,1229,1235,1230,1220,1216,1215,1218,1218,1215,1210,1198,1180,1164,1143,1125,1117,1120,1133,1141,1144,1143,1141,1141,1142,1141,1146,1156,1171,1187,1207,1220,1230,1240,1252,1259,1266,1272,1276,1278,1280,1280,1283,1291,1299,1310,1327,1340,1346,1339,1327,1322,1334,1359,1378,1385,1390,1393,1392,1388,1383,1384,1396,1418,1436,1446,1458,1472,1488,1504,1526,1548,1573,1594,1618,1639,1660,1683,1692,1687,1678,1675,1683,1697,1716,1729,1738,1740,1735,1727,1724,1726,1732,1742,1756,1779,1796,1802,1801,1798,1795,1795,1796,1789,1774,1754,1741,1732,1729,1735,1745,1755,1756,1748,1734,1715,1703,1693,1679,1673,1675,1680,1690,1700,1714,1734,1750,1767,1781,1791,1793,1795,1797,1807,1815,1822,1827,1836,1838,1840,1849,1854,1850,1838,1822,1806,1786,1776,1759,1736,1724,1717,1708,1691,1685,1682,1677,1667,1657,1650,1641,1627,1611,1591,1574,1558,1539,1521,1511,1496,1483,1478,1468,1454,1446,1438,1425,1412,1395,1374,1354,1346,1349,1354,1357,1357,1358,1362,1364,1364,1363,1362
1139,1160,1179,1193,1201,1204,1218,1231,1242,1243,1230,1210,1192,1172,1160,1153,1152,1159,1160,1153,1143,1132,1131,1139,1152,1162,1163,1162,1165,1173,1180,1187,1194,1194,1192,1189,1184,1175,1169,1183,1212,1233,1245,1262,1279,1294,1305,1320,1333,1341,1342,1331,1315,1296,1272,1253,1245,1239,1236,1237,1233,1228,1221,1213,1209,1215,1223,1222,1215,1208,1205,1208,1210,1210,1205,1193,1175,1155,1136,1117,1109,1121,1131,1136,1137,1133,1129,1127,1129,1135,1145,1164,1185,1197,1214,1227,1236,1244,1250,1256,1261,1265,1265,1263,1265,1268,1274,1283,1294,1302,1315,1328,1338,1334,1325,1327,1334,1350,1368,1375,1374,1372,1377,1376,1377,1387,1405,1423,1436,1448,1462,1477,1490,1508,1530,1556,1574,1590,1611,1634,1656,1678,1685,1680,1673,1674,1680,1694,1713,1729,1745,1752,1751,1741,1732,1731,1739,1750,1765,1786,1805,1811,1809,1806,1804,1805,1806,1795,1777,1760,1747,1741,1743,1746,1755,1763,1764,1757,1734,1715,1706,1701,1692,1689,1700,1705,1713,1722,1730,1744,1757,1775,1788,1799,1808,1817,1823,1826,1831,1843,1850,1858,1865,1861,1862,1860,1853,1838,1819,1799,1782,1772,1762,1741,1730,1726,1719,1706,1697,1693,1690,1683,1672,1659,1649,1633,1616,1599,1583,1569,1547,1529,1514,1496,1480,1470,1460,1451,1442,1435,1425,1410,1392,1377,1361,1361,1366,1370,1370,1368,1371,1372,1375,1376,1380,1381
1147,1162,1181,1198,1204,1201,1200,1207,1213,1225,1226,1216,1201,1180,1160,1144,1136,1139,1144,1144,1138,1124,1122,1131,1143,1150,1147,1141,1144,1153,1164,1172,1178,1179,1179,1176,1169,1163,1169,1193,1216,1229,1242,1262,1282,1295,1299,1311,1325,1331,1333,1327,1313,1293,1275,1256,1244,1234,1226,1221,1218,1215,1212,1201,1192,1194,1202,1209,1209,1201,1195,1197,1203,1199,1195,1184,1170,1153,1129,1107,1103,1115,1125,1128,1128,1123,1116,1115,1123,1135,1149,1175,1193,1205,1217,1226,1229,1234,1239,1244,1249,1253,1250,1250,1255,1261,1267,1279,1287,1295,1307,1320,1328,1325,1316,1315,1325,1339,1350,1358,1362,1366,1373,1381,1385,1398,1412,1424,1434,1449,1468,1480,1493,1508,1525,1549,1570,1583,1602,1627,1651,1667,1674,1674,1670,1673,1681,1695,1711,1729,1745,1754,1756,1750,1741,1739,1744,1754,1768,1787,1806,1818,1824,1825,1823,1819,1812,1799,1785,1768,1753,1750,1752,1759,1768,1774,1771,1756,1738,1726,1719,1714,1711,1713,1721,1723,1729,1740,1751,1758,1770,1785,1798,1811,1824,1836,1842,1846,1854,1867,1873,1880,1882,1880,1876,1864,1851,1831,1811,1790,1771,1762,1754,1739,1727,1719,1715,1709,1701,1697,1696,1688,1678,1667,1654,1639,1623,1606,1590,1574,1556,1536,1524,1506,1485,1473,1462,1446,1435,1430,1420,1404,1390,1376,1369,1378,1385,1390,1389,1387,1386,1385,1388,1392,1393,1394
1152,1167,1186,1202,1205,1193,1190,1193,1198,1210,1218,1214,1206,1186,1164,1142,1130,1129,1132,1135,1128,1118,1114,1116,1127,1137,1132,1124,1124,1141,1153,1159,1162,1162,1162,1160,1153,1155,1173,1191,1204,1222,1243,1261,1282,1291,1294,1295,1301,1311,1317,1325,1317,1302,1283,1272,1265,1255,1240,1226,1212,1203,1198,1185,1174,1175,1184,1198,1201,1193,1186,1189,1188,1186,1183,1179,1168,1156,1135,1110,1100,1104,1111,1120,1120,1114,1109,1113,1123,1140,1157,1177,1197,1207,1210,1213,1213,1212,1216,1227,1234,1236,1237,1241,1247,1255,1268,1278,1284,1290,1301,1317,1324,1320,1310,1308,1324,1333,1335,1337,1344,1355,1368,1382,1393,1404,1412,1419,1432,1445,1457,1470,1483,1501,1526,1545,1563,1581,1600,1619,1641,1657,1668,1669,1668,1675,1686,1701,1715,1725,1734,1741,1746,1747,1745,1748,1753,1756,1771,1789,1805,1817,1825,1835,1836,1831,1821,1808,1795,1780,1766,1762,1766,1774,1779,1781,1775,1760,1741,1733,1731,1732,1734,1738,1740,1742,1748,1761,1774,1784,1795,1803,1812,1826,1838,1851,1859,1867,1883,1892,1897,1905,1905,1898,1886,1869,1848,1824,1799,1777,1763,1751,1743,1730,1717,1707,1699,1695,1693,1691,1684,1676,1674,1671,1662,1651,1636,1619,1599,1580,1564,1544,1531,1514,1497,1483,1470,1452,1435,1427,1413,1399,1382,1372,1371,1385,1401,1407,1411,1410,1405,1402,1405,1410,1411,1409
1155,1170,1185,1194,1198,1190,1178,1173,1181,1192,1197,1198,1196,1185,1172,1153,1133,1120,1122,1123,1120,1113,1104,1102,1113,1125,1126,1122,1125,1132,1137,1143,1145,1146,1146,1145,1145,1152,1170,1191,1205,1226,1251,1270,1278,1289,1294,1287,1288,1300,1309,1317,1323,1317,1308,1298,1288,1273,1259,1242,1222,1204,1192,1175,1167,1165,1169,1177,1182,1177,1174,1176,1174,1174,1176,1176,1172,1163,1142,1116,1095,1093,1101,1109,1112,1106,1106,1113,1126,1145,1163,1180,1193,1195,1192,1194,1195,1195,1203,1213,1220,1224,1231,1242,1255,1267,1280,1288,1296,1305,1316,1324,1322,1313,1303,1301,1316,1323,1322,1325,1335,1351,1364,1382,1397,1403,1405,1411,1423,1437,1448,1461,1472,1491,1515,1536,1556,1576,1595,1615,1639,1657,1666,1669,1671,1679,1692,1706,1718,1718,1720,1726,1734,1739,1745,1755,1762,1766,1777,1791,1802,1809,1815,1828,1836,1835,1823,1807,1797,1789,1779,1775,1780,1788,1792,1789,1781,1765,1748,1741,1742,1748,1752,1757,1759,1761,1771,1787,1799,1807,1817,1820,1824,1837,1851,1871,1883,1896,1907,1916,1920,1930,1928,1913,1891,1867,1846,1817,1787,1771,1756,1741,1728,1718,1705,1693,1683,1679,1680,1678,1669,1663,1665,1666,1664,1654,1643,1630,1610,1588,1575,1556,1538,1523,1508,1492,1475,1458,1439,1424,1411,1395,1372,1365,1376,1401,1424,1429,1432,1430,1426,1424,1423,1430,1430,1425
1149,1162,1171,1179,1185,1181,1167,1162,1172,1182,1187,1186,1183,1181,1171,1155,1135,1118,1109,1111,1115,1107,1097,1095,1102,1112,1120,1114,1109,1111,1115,1121,1128,1132,1136,1143,1155,1163,1179,1198,1212,1231,1269,1276,1284,1291,1288,1276,1274,1283,1294,1305,1314,1322,1321,1317,1305,1289,1273,1255,1230,1217,1203,1183,1169,1163,1157,1158,1162,1162,1163,1166,1166,1165,1165,1167,1169,1162,1143,1115,1093,1084,1088,1096,1098,1097,1099,1108,1125,1144,1160,1173,1178,1175,1176,1181,1186,1188,1195,1204,1210,1215,1224,1240,1259,1279,1294,1306,1315,1322,1325,1322,1314,1303,1295,1295,1301,1308,1314,1323,1334,1346,1359,1376,1385,1388,1392,1402,1416,1429,1440,1455,1468,1486,1508,1525,1545,1569,1594,1617,1639,1652,1662,1665,1670,1682,1695,1704,1707,1705,1704,1710,1719,1729,1741,1756,1763,1765,1776,1786,1791,1798,1807,1818,1825,1827,1821,1811,1803,1797,1791,1790,1795,1801,1802,1797,1787,1774,1762,1756,1753,1756,1765,1770,1778,1786,1797,1810,1819,1824,1832,1833,1837,1851,1868,1889,1903,1918,1934,1941,1946,1949,1940,1917,1894,1868,1843,1811,1785,1773,1759,1736,1719,1704,1690,1680,1670,1665,1663,1659,1652,1649,1649,1651,1649,1644,1637,1628,1614,1596,1585,1567,1549,1531,1517,1496,1478,1459,1439,1420,1408,1391,1376,1374,1393,1418,1432,1438,1441,1444,1446,1445,1448,1451,1449,1441
1141,1149,1156,1165,1173,1170,1158,1152,1159,1170,1173,1171,1170,1165,1159,1152,1142,1123,1107,1099,1099,1099,1095,1093,1093,1101,1104,1096,1092,1090,1098,1109,1118,1122,1126,1141,1157,1171,1191,1211,1219,1245,1268,1280,1292,1294,1287,1272,1265,1267,1276,1288,1302,1317,1322,1321,1315,1301,1284,1263,1246,1234,1217,1198,1181,1170,1158,1151,1149,1151,1152,1156,1156,1155,1155,1155,1158,1155,1140,1117,1092,1079,1077,1084,1089,1092,1095,1104,1121,1136,1143,1155,1159,1158,1162,1171,1181,1189,1189,1198,1209,1218,1226,1240,1262,1283,1301,1314,1323,1327,1327,1318,1306,1297,1290,1288,1292,1299,1308,1324,1336,1344,1351,1363,1373,1375,1379,1389,1400,1411,1432,1448,1465,1486,1506,1521,1541,1564,1588,1616,1639,1649,1655,1656,1661,1676,1692,1699,1701,1697,1692,1693,1703,1717,1735,1754,1768,1768,1767,1770,1773,1776,1791,1802,1806,1809,1814,1815,1812,1804,1801,1804,1811,1815,1812,1807,1799,1791,1785,1778,1773,1774,1777,1785,1792,1798,1809,1823,1834,1843,1848,1847,1849,1862,1882,1903,1916,1937,1957,1966,1966,1963,1945,1918,1896,1872,1847,1814,1786,1779,1769,1742,1720,1699,1683,1674,1664,1653,1645,1638,1633,1630,1629,1628,1626,1626,1625,1621,1612,1593,1580,1564,1550,1532,1515,1497,1481,1461,1431,1411,1400,1384,1379,1395,1409,1425,1438,1444,1450,1457,1463,1466,1467,1467,1465,1460
1133,1135,1139,1150,1160,1157,1148,1142,1138,1146,1151,1149,1151,1152,1152,1152,1146,1128,1111,1098,1089,1088,1094,1092,1085,1086,1086,1081,1081,1090,1102,1111,1115,1116,1125,1138,1157,1179,1197,1210,1225,1246,1273,1293,1301,1302,1292,1277,1266,1257,1255,1266,1282,1298,1308,1313,1309,1300,1287,1272,1258,1243,1224,1204,1188,1176,1161,1146,1139,1137,1138,1142,1145,1142,1142,1146,1151,1148,1138,1120,1097,1079,1072,1076,1080,1083,1091,1104,1119,1130,1133,1140,1144,1145,1153,1163,1172,1192,1206,1214,1224,1233,1235,1246,1264,1282,1301,1311,1320,1323,1321,1312,1299,1290,1283,1286,1293,1302,1312,1322,1333,1338,1340,1348,1357,1366,1372,1380,1393,1404,1419,1434,1455,1483,1505,1523,1538,1560,1587,1611,1633,1645,1645,1644,1652,1664,1682,1692,1692,1685,1679,1680,1691,1708,1726,1752,1770,1767,1759,1755,1752,1760,1766,1772,1778,1788,1804,1812,1815,1815,1815,1821,1825,1826,1824,1819,1812,1806,1803,1799,1792,1787,1788,1800,1811,1817,1825,1838,1846,1853,1860,1863,1870,1883,1898,1918,1935,1953,1972,1977,1972,1961,1939,1915,1895,1878,1852,1817,1795,1787,1772,1750,1725,1704,1689,1676,1663,1644,1631,1623,1617,1614,1612,1607,1606,1610,1610,1608,1598,1582,1569,1555,1542,1524,1509,1496,1479,1450,1425,1409,1395,1380,1389,1406,1419,1433,1447,1454,1459,1466,1474,1479,1482,1483,1480,1478
1118,1117,1116,1122,1135,1141,1141,1134,1124,1126,1132,1132,1130,1137,1145,1150,1147,1135,1121,1103,1088,1082,1083,1078,1073,1072,1073,1073,1078,1085,1092,1110,1122,1127,1136,1147,1162,1179,1193,1206,1225,1250,1273,1288,1296,1298,1294,1278,1263,1248,1237,1234,1246,1260,1282,1290,1291,1287,1281,1273,1261,1248,1233,1212,1190,1179,1166,1152,1140,1133,1132,1136,1136,1133,1134,1138,1146,1146,1137,1122,1101,1077,1069,1070,1074,1084,1094,1104,1113,1122,1127,1131,1136,1141,1155,1170,1188,1205,1213,1218,1222,1229,1234,1243,1259,1276,1292,1301,1307,1311,1308,1298,1289,1280,1278,1285,1296,1303,1310,1319,1326,1328,1328,1335,1346,1359,1371,1381,1392,1403,1417,1433,1457,1491,1513,1529,1544,1562,1584,1600,1620,1632,1633,1633,1640,1652,1664,1676,1677,1672,1668,1670,1678,1696,1719,1743,1757,1758,1750,1742,1737,1741,1746,1749,1754,1773,1794,1808,1816,1823,1831,1836,1838,1836,1833,1830,1824,1820,1819,1814,1807,1800,1802,1813,1827,1836,1845,1852,1858,1866,1874,1883,1891,1903,1914,1936,1951,1969,1982,1979,1968,1953,1938,1918,1896,1873,1848,1820,1798,1783,1771,1755,1731,1714,1700,1688,1664,1635,1618,1612,1602,1600,1596,1593,1588,1585,1591,1589,1580,1570,1559,1545,1530,1514,1504,1491,1467,1440,1423,1411,1396,1387,1398,1415,1427,1443,1460,1467,1471,1476,1482,1488,1492,1494,1496,1500
1100,1097,1098,1106,1119,1131,1134,1126,1116,1111,1114,1109,1106,1120,1136,1143,1146,1143,1129,1110,1088,1074,1067,1061,1060,1062,1064,1065,1070,1078,1099,1124,1143,1149,1152,1160,1170,1181,1192,1207,1227,1250,1267,1277,1285,1290,1285,1272,1259,1243,1225,1216,1223,1239,1255,1267,1277,1272,1270,1261,1250,1242,1236,1219,1199,1184,1173,1162,1149,1137,1129,1125,1123,1128,1130,1133,1142,1142,1133,1117,1098,1075,1064,1066,1075,1089,1095,1101,1108,1116,1124,1131,1137,1152,1167,1179,1192,1205,1208,1211,1218,1225,1230,1236,1250,1268,1281,1285,1288,1291,1290,1284,1275,1270,1273,1284,1294,1303,1308,1313,1315,1317,1321,1334,1349,1364,1377,1388,1400,1413,1425,1437,1461,1490,1511,1523,1540,1560,1578,1593,1609,1619,1619,1619,1624,1636,1648,1659,1663,1659,1659,1663,1674,1690,1711,1737,1750,1746,1740,1731,1723,1720,1720,1731,1745,1764,1779,1793,1809,1822,1833,1836,1839,1841,1842,1843,1841,1841,1840,1834,1826,1819,1817,1826,1842,1853,1862,1870,1877,1886,1898,1903,1909,1920,1933,1945,1961,1976,1985,1976,1960,1950,1933,1913,1892,1865,1839,1823,1800,1780,1765,1750,1730,1715,1703,1692,1672,1647,1627,1616,1603,1593,1583,1574,1564,1560,1560,1563,1564,1555,1542,1526,1516,1507,1495,1477,1458,1435,1424,1410,1396,1393,1405,1420,1433,1454,1471,1478,1486,1493,1497,1500,1503,1506,1511,1516
1083,1082,1086,1100,1113,1125,1129,1123,1111,1104,1096,1090,1091,1098,1111,1121,1129,1133,1124,1105,1079,1060,1057,1057,1056,1055,1055,1058,1074,1097,1118,1139,1158,1170,1178,1184,1189,1193,1199,1212,1231,1248,1260,1268,1286,1294,1284,1266,1255,1239,1219,1205,1208,1222,1235,1249,1259,1258,1253,1244,1231,1228,1228,1218,1204,1196,1182,1169,1154,1142,1129,1117,1112,1115,1120,1127,1135,1134,1125,1111,1094,1073,1062,1064,1077,1088,1094,1097,1102,1110,1120,1136,1146,1158,1169,1174,1182,1191,1196,1200,1206,1215,1217,1224,1237,1253,1270,1275,1276,1277,1274,1269,1265,1264,1272,1284,1292,1298,1302,1306,1308,1310,1320,1339,1356,1372,1385,1400,1413,1421,1435,1453,1476,1492,1499,1507,1527,1543,1559,1574,1593,1603,1605,1603,1608,1620,1630,1637,1644,1646,1649,1658,1670,1686,1708,1729,1735,1732,1725,1716,1707,1701,1704,1720,1736,1751,1764,1786,1803,1812,1821,1823,1826,1830,1840,1850,1855,1859,1856,1851,1846,1841,1837,1848,1860,1869,1877,1886,1895,1906,1915,1922,1929,1940,1953,1961,1970,1979,1979,1968,1951,1930,1916,1902,1879,1854,1835,1821,1805,1786,1767,1744,1721,1708,1702,1690,1671,1651,1634,1621,1604,1584,1569,1559,1549,1543,1541,1541,1542,1538,1522,1509,1502,1491,1474,1452,1439,1428,1420,1409,1402,1403,1412,1424,1445,1463,1476,1487,1496,1504,1512,1517,1518,1519,1524,1531
1064,1062,1069,1087,1107,1123,1129,1124,1112,1102,1093,1086,1086,1089,1092,1097,1104,1111,1105,1090,1072,1056,1055,1053,1049,1047,1047,1059,1080,1097,1116,1136,1160,1180,1193,1198,1201,1204,1209,1217,1232,1245,1250,1265,1280,1291,1284,1259,1244,1227,1214,1202,1199,1211,1224,1233,1243,1239,1232,1219,1211,1211,1207,1200,1196,1190,1184,1176,1164,1149,1132,1115,1105,1105,1113,1124,1131,1127,1116,1102,1086,1068,1061,1066,1076,1083,1087,1091,1095,1105,1121,1138,1148,1155,1161,1164,1168,1174,1179,1188,1192,1197,1203,1215,1230,1244,1258,1265,1267,1266,1260,1256,1254,1257,1266,1275,1284,1291,1297,1302,1309,1316,1327,1341,1358,1374,1390,1407,1419,1434,1449,1464,1477,1485,1487,1497,1516,1529,1538,1557,1577,1588,1589,1586,1590,1602,1612,1618,1628,1632,1637,1653,1667,1678,1690,1704,1722,1720,1712,1700,1690,1687,1692,1707,1724,1756,1779,1786,1794,1802,1807,1809,1812,1820,1834,1847,1857,1865,1866,1865,1860,1855,1853,1863,1876,1887,1895,1906,1915,1924,1932,1943,1952,1963,1975,1985,1989,1985,1972,1951,1926,1910,1904,1890,1866,1846,1832,1818,1804,1787,1764,1733,1712,1705,1698,1685,1664,1645,1629,1614,1593,1577,1564,1554,1543,1537,1528,1523,1519,1515,1507,1498,1489,1471,1454,1441,1433,1425,1417,1408,1405,1414,1428,1442,1453,1462,1476,1489,1502,1515,1528,1532,1530,1531,1534,1543
1043,1044,1053,1073,1097,1116,1127,1127,1118,1104,1093,1085,1079,1074,1078,1085,1091,1097,1093,1080,1068,1052,1047,1042,1042,1040,1044,1059,1080,1100,1118,1137,1161,1181,1192,1198,1199,1201,1209,1218,1231,1237,1239,1244,1257,1270,1259,1247,1235,1223,1213,1201,1192,1200,1219,1231,1229,1227,1217,1203,1191,1187,1187,1187,1184,1179,1172,1168,1161,1151,1136,1117,1102,1101,1108,1118,1121,1115,1106,1092,1077,1062,1059,1065,1073,1078,1081,1087,1093,1103,1118,1136,1145,1145,1146,1148,1153,1161,1171,1178,1180,1183,1194,1207,1223,1237,1248,1256,1259,1259,1252,1246,1248,1254,1262,1270,1276,1284,1292,1302,1314,1323,1334,1348,1362,1377,1393,1409,1427,1443,1456,1470,1480,1482,1481,1485,1499,1509,1522,1541,1566,1574,1575,1574,1578,1587,1595,1601,1613,1621,1637,1655,1663,1668,1680,1696,1713,1711,1698,1683,1679,1682,1691,1707,1727,1753,1765,1769,1778,1785,1787,1791,1799,1810,1825,1838,1850,1862,1870,1875,1877,1872,1871,1876,1886,1895,1908,1921,1931,1938,1950,1965,1974,1986,1996,2002,1999,1981,1958,1931,1914,1906,1898,1877,1857,1841,1824,1810,1793,1778,1754,1723,1707,1700,1690,1674,1648,1631,1618,1601,1584,1572,1565,1557,1551,1541,1527,1517,1507,1497,1495,1488,1473,1464,1455,1450,1443,1436,1424,1415,1421,1431,1444,1453,1462,1468,1477,1491,1507,1524,1540,1546,1546,1547,1547,1551
1028,1033,1043,1067,1088,1102,1113,1124,1123,1111,1097,1083,1071,1065,1073,1078,1079,1085,1082,1072,1060,1048,1040,1034,1034,1039,1052,1070,1090,1108,1125,1140,1158,1173,1183,1190,1188,1186,1198,1207,1210,1215,1218,1222,1228,1233,1241,1246,1238,1225,1210,1192,1180,1188,1206,1220,1225,1220,1206,1189,1170,1167,1170,1173,1174,1166,1159,1156,1155,1151,1136,1121,1106,1099,1102,1109,1110,1107,1099,1085,1071,1058,1058,1067,1073,1076,1079,1088,1098,1106,1118,1128,1130,1130,1130,1135,1141,1149,1161,1167,1168,1174,1192,1202,1213,1228,1240,1249,1252,1251,1244,1242,1246,1255,1270,1277,1278,1283,1291,1305,1317,1328,1341,1358,1372,1387,1403,1423,1444,1447,1457,1471,1471,1467,1467,1471,1478,1488,1505,1525,1543,1551,1558,1564,1572,1580,1590,1599,1614,1631,1646,1656,1666,1677,1687,1693,1693,1691,1677,1667,1668,1678,1692,1714,1734,1745,1750,1755,1763,1766,1767,1775,1786,1796,1808,1823,1837,1850,1865,1874,1881,1883,1882,1885,1893,1905,1919,1938,1953,1963,1971,1983,1991,2001,2011,2011,2000,1977,1951,1924,1910,1905,1893,1865,1844,1825,1806,1789,1773,1760,1742,1716,1700,1686,1670,1651,1633,1621,1608,1596,1583,1575,1571,1570,1568,1557,1541,1523,1506,1497,1494,1486,1477,1474,1474,1469,1459,1445,1433,1427,1434,1442,1449,1461,1473,1478,1483,1492,1508,1526,1547,1556,1559,1560,1560,1562
1016,1019,1033,1058,1082,1092,1099,1113,1116,1108,1097,1087,1079,1073,1069,1064,1058,1063,1066,1061,1052,1042,1032,1025,1031,1046,1065,1082,1098,1114,1130,1147,1160,1168,1175,1175,1171,1170,1174,1182,1190,1199,1205,1210,1217,1223,1230,1238,1237,1223,1203,1179,1170,1168,1174,1199,1220,1208,1191,1171,1159,1153,1151,1155,1157,1151,1144,1140,1142,1145,1137,1126,1111,1100,1095,1097,1102,1101,1090,1079,1066,1055,1055,1063,1071,1074,1079,1091,1103,1113,1121,1123,1122,1123,1124,1128,1132,1140,1155,1164,1168,1175,1192,1204,1216,1230,1245,1248,1247,1243,1239,1239,1249,1266,1284,1294,1293,1293,1296,1308,1322,1333,1348,1367,1384,1402,1418,1430,1446,1454,1461,1466,1460,1451,1449,1454,1462,1472,1487,1503,1521,1534,1548,1560,1572,1587,1605,1618,1628,1637,1647,1657,1666,1674,1679,1677,1677,1674,1664,1657,1657,1667,1698,1720,1735,1740,1740,1743,1750,1750,1751,1759,1769,1780,1794,1804,1816,1832,1853,1865,1878,1889,1892,1898,1909,1920,1934,1952,1966,1977,1987,2000,2008,2018,2023,2020,1998,1978,1960,1928,1906,1898,1880,1851,1830,1812,1792,1770,1755,1743,1729,1708,1687,1667,1649,1638,1626,1615,1608,1601,1595,1591,1589,1588,1582,1569,1554,1538,1524,1514,1511,1508,1500,1495,1491,1481,1466,1452,1442,1440,1439,1440,1449,1465,1479,1489,1495,1499,1511,1532,1553,1566,1572,1573,1574,1576
1004,1008,1023,1045,1065,1077,1087,1099,1104,1099,1092,1085,1082,1074,1065,1053,1047,1045,1046,1043,1040,1033,1026,1023,1032,1050,1068,1085,1102,1118,1133,1146,1156,1161,1162,1158,1155,1155,1160,1168,1179,1191,1201,1210,1214,1215,1219,1232,1234,1223,1202,1176,1160,1152,1158,1191,1209,1207,1192,1170,1149,1136,1133,1133,1135,1133,1126,1121,1123,1129,1133,1129,1116,1101,1085,1083,1091,1091,1081,1070,1057,1048,1049,1058,1064,1069,1079,1091,1103,1112,1117,1117,1115,1116,1123,1131,1142,1154,1170,1180,1184,1190,1201,1214,1230,1243,1252,1252,1244,1236,1237,1244,1260,1281,1293,1305,1307,1306,1308,1318,1332,1346,1361,1379,1399,1412,1420,1428,1436,1443,1449,1452,1445,1437,1433,1438,1447,1460,1475,1491,1508,1526,1544,1558,1569,1586,1609,1624,1633,1640,1645,1649,1652,1658,1658,1655,1660,1661,1654,1650,1651,1684,1716,1728,1733,1733,1729,1726,1724,1725,1732,1744,1758,1771,1783,1793,1806,1823,1840,1857,1872,1885,1898,1908,1920,1932,1944,1958,1975,1990,2003,2016,2028,2032,2029,2016,1996,1976,1963,1931,1902,1884,1863,1841,1825,1808,1785,1764,1747,1732,1719,1702,1675,1651,1641,1635,1629,1626,1621,1616,1611,1613,1613,1603,1588,1572,1562,1552,1541,1534,1532,1526,1521,1513,1503,1492,1481,1472,1465,1458,1446,1439,1449,1467,1485,1499,1504,1509,1519,1536,1559,1573,1582,1586,1589,1591
998,1003,1017,1033,1050,1063,1073,1084,1088,1088,1083,1075,1073,1071,1065,1055,1046,1038,1032,1032,1031,1026,1022,1024,1032,1045,1061,1079,1099,1117,1128,1137,1146,1150,1152,1146,1140,1141,1153,1167,1176,1186,1207,1216,1215,1209,1205,1213,1223,1225,1213,1190,1171,1158,1164,1191,1207,1205,1194,1169,1144,1126,1117,1117,1121,1123,1112,1106,1109,1118,1130,1135,1118,1099,1083,1077,1076,1073,1067,1057,1047,1041,1045,1054,1059,1067,1079,1088,1098,1107,1110,1110,1106,1110,1124,1138,1152,1167,1183,1193,1200,1205,1218,1232,1246,1253,1256,1252,1240,1232,1237,1249,1264,1282,1298,1312,1319,1324,1326,1331,1342,1355,1364,1383,1400,1413,1417,1419,1424,1429,1430,1426,1420,1417,1418,1421,1433,1448,1464,1481,1496,1512,1531,1552,1571,1592,1614,1628,1636,1637,1634,1633,1632,1632,1632,1635,1642,1645,1644,1647,1646,1629,1667,1704,1722,1724,1719,1709,1700,1702,1713,1730,1745,1755,1765,1779,1795,1812,1833,1848,1858,1871,1888,1903,1917,1933,1949,1966,1985,2001,2013,2030,2041,2042,2033,2015,1997,1979,1965,1930,1899,1878,1854,1841,1824,1805,1782,1765,1743,1727,1712,1694,1673,1656,1649,1650,1646,1650,1647,1645,1640,1639,1628,1610,1594,1579,1570,1566,1560,1552,1547,1540,1535,1531,1516,1503,1500,1497,1486,1472,1454,1444,1455,1477,1496,1511,1517,1522,1532,1547,1566,1578,1587,1598,1607,1607
997,1002,1011,1020,1034,1053,1063,1070,1076,1075,1069,1062,1064,1070,1069,1063,1052,1041,1030,1023,1020,1017,1019,1023,1031,1040,1055,1076,1094,1107,1117,1122,1130,1136,1140,1135,1133,1136,1149,1165,1174,1178,1194,1216,1218,1207,1200,1199,1207,1212,1213,1196,1179,1162,1169,1196,1205,1205,1198,1179,1160,1139,1120,1108,1107,1107,1103,1099,1103,1118,1132,1137,1130,1115,1095,1077,1069,1066,1057,1050,1043,1037,1041,1049,1057,1067,1079,1087,1095,1099,1098,1097,1097,1107,1123,1140,1154,1166,1182,1193,1204,1217,1230,1244,1257,1262,1260,1249,1233,1226,1238,1250,1262,1278,1294,1309,1323,1337,1343,1341,1348,1356,1367,1387,1404,1411,1411,1411,1413,1414,1413,1405,1396,1397,1404,1413,1426,1439,1453,1467,1483,1500,1520,1542,1567,1588,1608,1623,1629,1625,1619,1616,1614,1613,1616,1621,1628,1627,1632,1641,1631,1634,1631,1682,1713,1718,1708,1694,1687,1689,1701,1717,1733,1741,1753,1766,1782,1796,1815,1833,1843,1856,1876,1892,1909,1930,1947,1966,1986,2004,2017,2034,2045,2047,2035,2014,1997,1983,1960,1908,1895,1878,1857,1842,1822,1805,1785,1773,1744,1723,1708,1697,1684,1679,1674,1675,1676,1676,1668,1667,1664,1655,1637,1618,1606,1595,1589,1583,1576,1569,1563,1557,1555,1551,1536,1525,1519,1514,1501,1485,1465,1454,1462,1479,1502,1521,1536,1544,1552,1559,1573,1583,1595,1611,1624,1629
993,994,1002,1011,1027,1041,1047,1055,1064,1058,1050,1044,1049,1067,1075,1073,1063,1049,1035,1021,1013,1009,1013,1020,1029,1042,1055,1070,1084,1096,1104,1107,1111,1118,1122,1123,1127,1133,1144,1154,1167,1181,1202,1224,1228,1217,1204,1196,1189,1194,1196,1180,1160,1147,1143,1178,1198,1204,1201,1189,1174,1152,1129,1114,1106,1100,1097,1093,1098,1112,1131,1141,1137,1123,1104,1086,1073,1064,1055,1047,1038,1033,1038,1046,1052,1065,1073,1078,1083,1086,1086,1086,1092,1105,1120,1136,1149,1158,1170,1186,1203,1219,1233,1246,1261,1268,1263,1248,1231,1224,1232,1243,1256,1270,1290,1308,1324,1343,1352,1356,1357,1362,1375,1392,1397,1401,1398,1394,1396,1395,1395,1389,1381,1387,1402,1415,1431,1440,1452,1466,1479,1495,1519,1541,1565,1589,1607,1620,1625,1617,1606,1597,1593,1597,1599,1602,1603,1602,1616,1632,1651,1679,1697,1706,1711,1708,1695,1682,1674,1673,1680,1695,1713,1728,1743,1756,1771,1786,1802,1816,1828,1842,1866,1884,1899,1918,1941,1963,1983,2002,2021,2036,2047,2048,2036,2015,1996,1980,1957,1920,1902,1883,1862,1843,1824,1808,1789,1772,1747,1726,1715,1708,1703,1698,1695,1695,1696,1690,1683,1680,1678,1669,1651,1632,1628,1621,1615,1606,1592,1579,1573,1571,1572,1570,1556,1545,1535,1529,1512,1495,1474,1462,1470,1487,1506,1525,1546,1558,1566,1572,1582,1595,1607,1622,1637,1645
984,989,994,1001,1017,1027,1032,1038,1045,1043,1033,1027,1030,1053,1066,1066,1060,1050,1033,1016,1002,999,1006,1018,1031,1044,1055,1063,1070,1082,1090,1095,1098,1103,1107,1112,1120,1131,1145,1155,1173,1196,1217,1232,1236,1230,1221,1203,1187,1179,1175,1167,1152,1137,1133,1159,1191,1199,1203,1201,1184,1160,1137,1120,1102,1092,1086,1086,1090,1104,1124,1136,1134,1120,1106,1090,1077,1066,1055,1044,1037,1033,1038,1044,1051,1059,1067,1069,1073,1076,1077,1080,1087,1100,1115,1130,1138,1146,1160,1176,1196,1217,1231,1244,1258,1264,1258,1245,1228,1217,1228,1246,1253,1270,1294,1305,1315,1333,1351,1360,1358,1365,1378,1384,1386,1387,1386,1383,1380,1378,1379,1375,1379,1394,1407,1426,1445,1457,1470,1485,1494,1507,1525,1545,1563,1580,1607,1620,1618,1609,1597,1583,1577,1576,1580,1582,1585,1596,1611,1627,1649,1680,1696,1703,1703,1695,1682,1671,1660,1656,1663,1678,1698,1714,1728,1741,1754,1767,1784,1800,1813,1827,1854,1876,1893,1910,1932,1956,1975,1995,2017,2037,2045,2044,2033,2011,1992,1974,1955,1932,1911,1890,1867,1845,1829,1812,1792,1775,1751,1736,1729,1724,1719,1715,1715,1715,1715,1711,1703,1697,1691,1679,1667,1657,1651,1643,1637,1626,1606,1598,1588,1583,1584,1584,1573,1561,1549,1535,1516,1495,1475,1464,1474,1494,1510,1529,1550,1563,1574,1585,1600,1612,1620,1635,1650,1660
975,975,982,990,1004,1016,1023,1026,1029,1026,1020,1015,1022,1044,1053,1048,1045,1036,1023,1008,994,995,1007,1018,1029,1039,1047,1051,1056,1066,1077,1084,1088,1092,1099,1105,1112,1128,1151,1166,1179,1197,1218,1231,1239,1243,1238,1218,1193,1172,1160,1151,1143,1130,1123,1147,1173,1191,1206,1217,1199,1159,1137,1122,1103,1088,1079,1075,1080,1094,1113,1125,1124,1114,1105,1092,1079,1067,1056,1046,1037,1032,1035,1040,1045,1055,1061,1061,1062,1066,1068,1075,1085,1096,1108,1120,1130,1138,1152,1170,1189,1207,1225,1240,1251,1255,1251,1240,1223,1211,1230,1248,1257,1268,1287,1299,1306,1318,1335,1350,1356,1363,1369,1373,1374,1376,1377,1371,1363,1361,1364,1364,1380,1395,1411,1433,1460,1478,1493,1504,1514,1522,1532,1540,1557,1576,1595,1608,1609,1600,1580,1561,1552,1555,1561,1574,1582,1593,1603,1619,1641,1669,1687,1690,1685,1677,1665,1657,1649,1647,1653,1671,1688,1695,1707,1725,1743,1753,1768,1785,1801,1821,1845,1867,1886,1902,1928,1950,1966,1990,2016,2032,2041,2040,2030,2011,1992,1973,1954,1933,1915,1894,1871,1849,1829,1813,1799,1784,1761,1752,1748,1744,1743,1735,1737,1735,1734,1732,1726,1718,1709,1699,1689,1679,1667,1660,1651,1641,1630,1621,1609,1601,1600,1598,1590,1576,1555,1534,1514,1492,1476,1470,1480,1501,1518,1533,1552,1567,1581,1597,1615,1626,1638,1653,1668,1682
964,962,966,978,995,1008,1009,1005,1003,1006,1006,1006,1014,1042,1045,1038,1030,1022,1011,998,988,995,1007,1016,1023,1027,1033,1040,1049,1058,1068,1074,1081,1090,1099,1107,1117,1133,1150,1167,1179,1192,1210,1224,1237,1246,1244,1222,1198,1174,1155,1139,1127,1117,1118,1137,1159,1180,1200,1215,1197,1162,1134,1119,1101,1085,1070,1065,1072,1088,1104,1118,1114,1109,1103,1094,1083,1072,1056,1045,1036,1028,1029,1033,1042,1050,1050,1049,1054,1062,1069,1075,1083,1094,1106,1119,1132,1141,1151,1169,1189,1206,1224,1238,1245,1246,1239,1232,1217,1212,1225,1248,1258,1270,1281,1288,1296,1307,1318,1338,1349,1351,1356,1362,1362,1363,1362,1354,1345,1344,1348,1359,1371,1391,1408,1431,1465,1491,1503,1510,1522,1531,1535,1536,1548,1568,1588,1595,1596,1585,1563,1543,1532,1539,1548,1558,1567,1586,1604,1615,1628,1655,1670,1670,1665,1653,1645,1638,1630,1629,1643,1661,1673,1681,1690,1708,1728,1743,1760,1777,1798,1819,1837,1858,1876,1896,1921,1946,1965,1990,2015,2029,2039,2037,2028,2012,1994,1974,1955,1932,1914,1897,1877,1853,1829,1813,1799,1788,1775,1768,1766,1766,1762,1752,1750,1750,1750,1752,1746,1739,1729,1724,1709,1695,1681,1673,1666,1654,1647,1638,1631,1624,1617,1608,1595,1580,1557,1532,1509,1489,1483,1488,1498,1519,1533,1545,1560,1571,1588,1608,1625,1640,1656,1669,1685,1693
961,956,960,972,988,991,991,986,982,987,993,996,1015,1037,1038,1030,1021,1009,1001,992,986,994,1005,1014,1018,1021,1025,1036,1046,1052,1061,1069,1079,1091,1102,1113,1123,1136,1154,1166,1175,1185,1196,1211,1230,1242,1237,1217,1197,1174,1151,1127,1112,1105,1107,1125,1151,1169,1183,1190,1183,1161,1140,1123,1100,1080,1066,1062,1073,1091,1104,1107,1107,1103,1102,1098,1092,1083,1065,1047,1035,1023,1024,1034,1042,1045,1042,1046,1055,1069,1077,1083,1089,1098,1109,1121,1132,1143,1159,1179,1195,1210,1226,1230,1233,1229,1219,1211,1207,1206,1234,1251,1256,1267,1277,1279,1284,1292,1304,1325,1339,1343,1353,1358,1354,1350,1345,1338,1330,1330,1336,1349,1366,1388,1407,1434,1466,1486,1498,1511,1530,1532,1528,1526,1537,1556,1571,1578,1585,1579,1556,1533,1520,1520,1525,1530,1550,1575,1594,1605,1614,1628,1644,1650,1641,1632,1627,1618,1610,1620,1631,1643,1660,1671,1678,1693,1715,1734,1753,1772,1793,1816,1834,1852,1871,1892,1921,1947,1968,1993,2014,2029,2034,2029,2021,2010,1994,1975,1958,1938,1917,1898,1882,1862,1837,1818,1804,1795,1789,1783,1781,1780,1775,1765,1762,1767,1772,1772,1769,1757,1744,1736,1721,1705,1692,1687,1684,1677,1669,1658,1649,1641,1628,1613,1597,1576,1554,1530,1504,1490,1496,1506,1520,1538,1554,1566,1581,1588,1602,1617,1634,1649,1663,1676,1689,1691
958,952,957,972,977,975,973,971,972,978,984,993,1009,1029,1025,1019,1006,996,988,982,983,992,1004,1014,1021,1024,1027,1035,1043,1049,1058,1066,1076,1084,1094,1105,1117,1130,1146,1158,1168,1176,1185,1197,1215,1230,1225,1213,1197,1173,1148,1125,1111,1101,1096,1109,1133,1154,1167,1173,1171,1156,1137,1121,1101,1079,1061,1059,1078,1091,1096,1095,1091,1095,1097,1097,1095,1091,1075,1054,1038,1020,1020,1029,1036,1038,1042,1051,1065,1079,1088,1098,1106,1114,1121,1126,1136,1146,1165,1184,1199,1211,1219,1222,1217,1210,1204,1202,1199,1210,1232,1247,1254,1264,1266,1267,1269,1275,1289,1319,1332,1342,1353,1354,1344,1336,1329,1324,1322,1331,1353,1359,1380,1400,1414,1435,1466,1482,1491,1510,1522,1520,1516,1512,1525,1542,1557,1564,1567,1556,1543,1525,1512,1511,1517,1518,1526,1556,1578,1587,1596,1611,1625,1629,1620,1613,1609,1600,1598,1611,1625,1634,1648,1664,1671,1684,1704,1723,1748,1768,1785,1808,1828,1847,1870,1891,1913,1941,1964,1991,2010,2028,2031,2022,2014,2004,1989,1975,1962,1945,1923,1901,1885,1870,1844,1825,1814,1809,1806,1801,1797,1794,1788,1783,1782,1788,1789,1792,1786,1774,1760,1748,1737,1724,1715,1712,1709,1700,1688,1673,1659,1646,1630,1609,1590,1571,1549,1523,1505,1501,1508,1520,1534,1552,1571,1587,1600,1608,1616,1627,1643,1657,1666,1675,1682,1678
951,948,949,955,963,960,958,958,964,973,982,992,1002,1011,1012,1005,994,984,975,974,981,995,1010,1021,1032,1038,1044,1050,1055,1060,1062,1069,1077,1082,1089,1099,1110,1121,1137,1148,1156,1163,1174,1188,1205,1219,1219,1216,1205,1181,1158,1138,1118,1103,1094,1101,1121,1144,1155,1163,1159,1144,1128,1116,1101,1076,1055,1050,1067,1082,1084,1080,1080,1089,1096,1098,1096,1089,1075,1057,1039,1018,1014,1020,1026,1036,1047,1058,1072,1086,1099,1109,1116,1128,1133,1138,1143,1154,1169,1183,1197,1206,1212,1213,1203,1195,1195,1193,1196,1208,1225,1238,1251,1251,1247,1251,1257,1270,1287,1305,1323,1336,1349,1339,1331,1326,1318,1314,1315,1329,1356,1375,1398,1415,1426,1442,1463,1479,1492,1505,1504,1500,1499,1497,1506,1526,1542,1549,1546,1536,1523,1509,1498,1495,1506,1518,1532,1558,1573,1581,1582,1591,1605,1610,1606,1598,1588,1581,1588,1613,1627,1644,1666,1676,1685,1699,1714,1727,1748,1769,1790,1813,1827,1850,1872,1892,1913,1932,1960,1990,2009,2027,2031,2025,2016,2004,1990,1975,1962,1944,1925,1906,1890,1877,1859,1839,1832,1832,1829,1827,1822,1816,1817,1808,1803,1804,1803,1804,1797,1786,1775,1763,1752,1745,1735,1731,1722,1710,1692,1678,1661,1645,1626,1600,1577,1561,1541,1520,1511,1514,1522,1535,1547,1560,1573,1591,1610,1622,1633,1643,1657,1668,1673,1675,1668,1657
945,946,949,954,950,948,947,950,959,970,980,987,992,996,997,991,983,971,969,976,987,1001,1016,1029,1039,1049,1061,1071,1076,1079,1081,1084,1086,1085,1089,1093,1103,1115,1129,1136,1140,1148,1162,1177,1191,1209,1221,1225,1218,1202,1180,1156,1131,1111,1095,1092,1106,1131,1142,1149,1150,1138,1127,1112,1089,1069,1051,1041,1062,1074,1076,1072,1071,1083,1097,1099,1094,1085,1069,1052,1033,1014,1010,1017,1024,1036,1049,1062,1070,1084,1100,1111,1118,1128,1139,1149,1157,1162,1171,1181,1191,1198,1197,1191,1182,1178,1182,1189,1199,1209,1222,1235,1242,1243,1243,1247,1253,1267,1285,1303,1316,1325,1328,1324,1320,1316,1308,1306,1315,1330,1350,1375,1400,1418,1433,1446,1462,1473,1481,1484,1485,1487,1483,1477,1497,1514,1526,1533,1529,1517,1509,1499,1486,1479,1490,1508,1532,1553,1563,1568,1569,1576,1582,1586,1588,1582,1563,1564,1581,1610,1635,1656,1679,1698,1710,1723,1738,1748,1763,1783,1803,1818,1834,1856,1878,1900,1917,1935,1956,1983,2006,2019,2029,2031,2027,2019,2006,1982,1964,1945,1928,1914,1901,1891,1876,1860,1854,1851,1851,1850,1844,1844,1838,1833,1830,1826,1825,1823,1810,1798,1789,1777,1761,1751,1743,1735,1726,1713,1694,1677,1659,1638,1618,1594,1569,1553,1533,1520,1520,1527,1535,1547,1558,1567,1578,1597,1617,1633,1647,1659,1670,1675,1675,1667,1648,1628
938,942,948,945,939,937,939,948,962,972,979,987,993,990,984,977,968,964,971,982,989,1002,1015,1028,1040,1050,1064,1073,1079,1086,1095,1097,1096,1094,1094,1096,1100,1111,1121,1125,1128,1135,1151,1163,1174,1196,1221,1231,1224,1212,1192,1168,1145,1121,1098,1084,1085,1101,1121,1136,1135,1130,1120,1101,1079,1062,1048,1046,1057,1068,1070,1068,1066,1077,1090,1094,1087,1076,1063,1043,1024,1010,1006,1014,1025,1040,1052,1060,1068,1079,1091,1101,1111,1122,1132,1143,1152,1161,1168,1174,1182,1186,1180,1172,1166,1165,1172,1188,1200,1209,1217,1223,1228,1234,1240,1240,1244,1260,1282,1302,1310,1307,1306,1309,1308,1304,1301,1306,1318,1331,1348,1374,1397,1412,1423,1435,1451,1459,1465,1468,1470,1468,1450,1452,1475,1501,1516,1522,1515,1505,1500,1491,1476,1471,1480,1494,1516,1544,1544,1546,1546,1556,1565,1565,1565,1558,1561,1571,1588,1619,1641,1659,1688,1709,1726,1739,1751,1761,1779,1794,1811,1831,1852,1872,1888,1907,1925,1943,1962,1981,2002,2019,2028,2034,2034,2026,2016,2000,1974,1952,1936,1924,1912,1904,1891,1879,1872,1871,1874,1871,1863,1861,1857,1854,1852,1849,1848,1836,1820,1802,1793,1778,1761,1749,1739,1726,1719,1706,1693,1676,1655,1636,1613,1591,1566,1548,1534,1527,1535,1544,1551,1561,1570,1577,1591,1608,1629,1648,1663,1671,1676,1675,1668,1651,1627,1612
